#	cf1a
#	2023-11-08_14:23:10
# Field_sweep_width:______________48.49__G
# Field_modulation_amplitude:___2000.00_mG
# Microwave_attenuation:__________10.00_dB
# Microwave_power:________________10.00_mW
# Field_sweep_interval:__________180.00__s
# Recording_gain:_________________50.00_[]
# Number_of_scans_averaged:________3.00_[]
# Phase_shift_setting:___________180.00__°
# Undocumented_parameter_1:________0.00_[]
# Undocumented_parameter_2:________0.00_[]
# Lowpass_filter_time:_____________0.00__s
# Number_of_data_points:________4096.00_[]
# Undocumented_parameter_3:________0.00_[]
# Undocumented_parameter_4:________0.00_[]
# Undocumented_parameter_5:________0.00_[]
# Manual_rescaling_divisor:_______50.00_[]
# Manual_baseline_shift:______-16384.00_[]
3340.705000	-4.480000
3340.716838	-4.480000
3340.728677	-4.480000
3340.740515	-4.480000
3340.752354	-4.180000
3340.764192	-4.480000
3340.776030	-3.880000
3340.787869	-3.680000
3340.799707	-3.380000
3340.811545	-3.880000
3340.823384	-3.880000
3340.835222	-4.180000
3340.847061	-3.880000
3340.858899	-4.480000
3340.870737	-4.480000
3340.882576	-4.180000
3340.894414	-4.180000
3340.906252	-3.880000
3340.918091	-3.880000
3340.929929	-3.680000
3340.941768	-4.180000
3340.953606	-3.680000
3340.965444	-4.480000
3340.977283	-4.180000
3340.989121	-3.880000
3341.000959	-4.180000
3341.012798	-3.880000
3341.024636	-4.180000
3341.036475	-4.180000
3341.048313	-3.880000
3341.060151	-4.680000
3341.071990	-4.680000
3341.083828	-4.680000
3341.095667	-4.480000
3341.107505	-3.680000
3341.119343	-3.880000
3341.131182	-3.680000
3341.143020	-3.880000
3341.154858	-4.180000
3341.166697	-3.880000
3341.178535	-3.680000
3341.190374	-4.180000
3341.202212	-4.180000
3341.214050	-4.180000
3341.225889	-3.880000
3341.237727	-3.880000
3341.249565	-4.180000
3341.261404	-3.880000
3341.273242	-4.180000
3341.285081	-4.180000
3341.296919	-3.880000
3341.308757	-3.680000
3341.320596	-3.380000
3341.332434	-3.380000
3341.344272	-3.880000
3341.356111	-3.880000
3341.367949	-3.880000
3341.379788	-4.180000
3341.391626	-4.180000
3341.403464	-4.480000
3341.415303	-4.180000
3341.427141	-3.880000
3341.438979	-4.180000
3341.450818	-3.880000
3341.462656	-3.880000
3341.474495	-3.880000
3341.486333	-3.680000
3341.498171	-3.880000
3341.510010	-4.180000
3341.521848	-3.380000
3341.533687	-3.680000
3341.545525	-3.880000
3341.557363	-3.880000
3341.569202	-3.880000
3341.581040	-3.680000
3341.592878	-3.680000
3341.604717	-3.380000
3341.616555	-3.680000
3341.628394	-3.680000
3341.640232	-3.880000
3341.652070	-3.880000
3341.663909	-3.080000
3341.675747	-3.380000
3341.687585	-3.680000
3341.699424	-3.680000
3341.711262	-4.180000
3341.723101	-3.880000
3341.734939	-4.180000
3341.746777	-3.880000
3341.758616	-4.180000
3341.770454	-3.380000
3341.782292	-3.680000
3341.794131	-3.880000
3341.805969	-3.680000
3341.817808	-3.680000
3341.829646	-3.680000
3341.841484	-3.680000
3341.853323	-4.180000
3341.865161	-3.380000
3341.877000	-3.380000
3341.888838	-2.880000
3341.900676	-3.380000
3341.912515	-3.880000
3341.924353	-4.180000
3341.936191	-3.680000
3341.948030	-3.380000
3341.959868	-3.680000
3341.971707	-3.880000
3341.983545	-3.680000
3341.995383	-3.680000
3342.007222	-3.380000
3342.019060	-3.380000
3342.030898	-3.880000
3342.042737	-3.680000
3342.054575	-3.680000
3342.066414	-3.380000
3342.078252	-3.680000
3342.090090	-3.680000
3342.101929	-3.380000
3342.113767	-3.380000
3342.125605	-3.680000
3342.137444	-3.680000
3342.149282	-3.680000
3342.161121	-3.680000
3342.172959	-3.080000
3342.184797	-3.380000
3342.196636	-3.380000
3342.208474	-3.380000
3342.220313	-3.680000
3342.232151	-4.180000
3342.243989	-3.380000
3342.255828	-3.080000
3342.267666	-3.380000
3342.279504	-2.880000
3342.291343	-3.380000
3342.303181	-3.380000
3342.315020	-3.680000
3342.326858	-3.680000
3342.338696	-3.680000
3342.350535	-4.180000
3342.362373	-3.880000
3342.374211	-3.380000
3342.386050	-2.880000
3342.397888	-3.080000
3342.409727	-3.680000
3342.421565	-3.080000
3342.433403	-3.680000
3342.445242	-3.880000
3342.457080	-3.680000
3342.468918	-3.380000
3342.480757	-3.380000
3342.492595	-3.380000
3342.504434	-3.380000
3342.516272	-3.080000
3342.528110	-3.680000
3342.539949	-3.680000
3342.551787	-3.380000
3342.563625	-3.380000
3342.575464	-3.680000
3342.587302	-3.680000
3342.599141	-3.380000
3342.610979	-3.380000
3342.622817	-3.380000
3342.634656	-2.880000
3342.646494	-3.380000
3342.658333	-3.680000
3342.670171	-3.380000
3342.682009	-3.680000
3342.693848	-3.080000
3342.705686	-3.680000
3342.717524	-3.380000
3342.729363	-4.180000
3342.741201	-4.180000
3342.753040	-3.680000
3342.764878	-3.080000
3342.776716	-2.880000
3342.788555	-3.080000
3342.800393	-3.380000
3342.812231	-3.680000
3342.824070	-3.680000
3342.835908	-3.880000
3342.847747	-3.680000
3342.859585	-3.680000
3342.871423	-3.680000
3342.883262	-3.080000
3342.895100	-2.880000
3342.906938	-3.380000
3342.918777	-3.380000
3342.930615	-3.080000
3342.942454	-2.880000
3342.954292	-3.080000
3342.966130	-2.880000
3342.977969	-3.380000
3342.989807	-3.080000
3343.001646	-3.680000
3343.013484	-3.380000
3343.025322	-3.380000
3343.037161	-3.080000
3343.048999	-2.880000
3343.060837	-2.580000
3343.072676	-2.880000
3343.084514	-3.080000
3343.096353	-2.880000
3343.108191	-2.880000
3343.120029	-3.080000
3343.131868	-3.380000
3343.143706	-3.680000
3343.155544	-3.680000
3343.167383	-3.080000
3343.179221	-2.880000
3343.191060	-2.880000
3343.202898	-2.880000
3343.214736	-3.080000
3343.226575	-3.080000
3343.238413	-3.080000
3343.250251	-3.880000
3343.262090	-4.180000
3343.273928	-3.880000
3343.285767	-3.880000
3343.297605	-3.680000
3343.309443	-3.680000
3343.321282	-3.380000
3343.333120	-3.680000
3343.344958	-3.080000
3343.356797	-3.080000
3343.368635	-3.080000
3343.380474	-3.080000
3343.392312	-3.380000
3343.404150	-2.880000
3343.415989	-2.880000
3343.427827	-3.380000
3343.439666	-3.080000
3343.451504	-2.580000
3343.463342	-2.580000
3343.475181	-3.080000
3343.487019	-3.380000
3343.498857	-3.680000
3343.510696	-3.680000
3343.522534	-3.680000
3343.534373	-3.880000
3343.546211	-3.680000
3343.558049	-3.680000
3343.569888	-3.380000
3343.581726	-3.080000
3343.593564	-2.880000
3343.605403	-2.880000
3343.617241	-2.880000
3343.629080	-3.080000
3343.640918	-3.080000
3343.652756	-2.880000
3343.664595	-3.380000
3343.676433	-3.080000
3343.688271	-2.880000
3343.700110	-3.380000
3343.711948	-3.080000
3343.723787	-2.880000
3343.735625	-2.880000
3343.747463	-2.880000
3343.759302	-3.380000
3343.771140	-3.380000
3343.782979	-3.380000
3343.794817	-3.380000
3343.806655	-2.880000
3343.818494	-2.880000
3343.830332	-2.880000
3343.842170	-2.880000
3343.854009	-2.880000
3343.865847	-2.880000
3343.877686	-2.880000
3343.889524	-2.880000
3343.901362	-2.280000
3343.913201	-2.580000
3343.925039	-2.880000
3343.936877	-3.380000
3343.948716	-2.880000
3343.960554	-2.580000
3343.972393	-2.880000
3343.984231	-2.880000
3343.996069	-2.880000
3344.007908	-3.380000
3344.019746	-2.880000
3344.031584	-2.580000
3344.043423	-2.280000
3344.055261	-2.580000
3344.067100	-2.880000
3344.078938	-2.580000
3344.090776	-2.580000
3344.102615	-2.280000
3344.114453	-2.080000
3344.126292	-2.580000
3344.138130	-2.880000
3344.149968	-3.080000
3344.161807	-3.080000
3344.173645	-3.380000
3344.185483	-3.080000
3344.197322	-3.080000
3344.209160	-3.080000
3344.220999	-2.580000
3344.232837	-2.880000
3344.244675	-2.580000
3344.256514	-2.880000
3344.268352	-2.280000
3344.280190	-2.280000
3344.292029	-2.280000
3344.303867	-2.080000
3344.315706	-2.080000
3344.327544	-2.880000
3344.339382	-2.880000
3344.351221	-2.880000
3344.363059	-2.880000
3344.374897	-3.080000
3344.386736	-3.080000
3344.398574	-3.380000
3344.410413	-2.580000
3344.422251	-2.880000
3344.434089	-2.280000
3344.445928	-2.280000
3344.457766	-3.080000
3344.469604	-2.880000
3344.481443	-2.280000
3344.493281	-1.480000
3344.505120	-2.080000
3344.516958	-2.580000
3344.528796	-2.880000
3344.540635	-2.880000
3344.552473	-2.880000
3344.564312	-2.880000
3344.576150	-2.880000
3344.587988	-3.080000
3344.599827	-1.780000
3344.611665	-1.780000
3344.623503	-2.080000
3344.635342	-2.080000
3344.647180	-1.780000
3344.659019	-2.280000
3344.670857	-2.880000
3344.682695	-2.880000
3344.694534	-2.580000
3344.706372	-3.080000
3344.718210	-2.880000
3344.730049	-2.580000
3344.741887	-2.280000
3344.753726	-2.080000
3344.765564	-2.080000
3344.777402	-2.280000
3344.789241	-2.580000
3344.801079	-2.580000
3344.812917	-2.280000
3344.824756	-2.280000
3344.836594	-2.580000
3344.848433	-2.280000
3344.860271	-2.280000
3344.872109	-2.880000
3344.883948	-2.280000
3344.895786	-2.880000
3344.907625	-3.080000
3344.919463	-2.880000
3344.931301	-2.280000
3344.943140	-2.280000
3344.954978	-2.880000
3344.966816	-2.880000
3344.978655	-1.780000
3344.990493	-1.780000
3345.002332	-2.580000
3345.014170	-2.580000
3345.026008	-2.580000
3345.037847	-2.280000
3345.049685	-2.880000
3345.061523	-2.580000
3345.073362	-2.580000
3345.085200	-2.580000
3345.097039	-3.380000
3345.108877	-3.080000
3345.120715	-2.280000
3345.132554	-2.080000
3345.144392	-2.580000
3345.156230	-2.080000
3345.168069	-2.580000
3345.179907	-2.580000
3345.191746	-2.580000
3345.203584	-2.580000
3345.215422	-2.280000
3345.227261	-2.080000
3345.239099	-2.580000
3345.250938	-2.580000
3345.262776	-2.580000
3345.274614	-2.580000
3345.286453	-2.880000
3345.298291	-2.580000
3345.310129	-2.080000
3345.321968	-2.280000
3345.333806	-2.280000
3345.345645	-2.280000
3345.357483	-2.080000
3345.369321	-1.780000
3345.381160	-1.480000
3345.392998	-1.480000
3345.404836	-2.080000
3345.416675	-2.080000
3345.428513	-2.080000
3345.440352	-2.080000
3345.452190	-1.780000
3345.464028	-1.780000
3345.475867	-2.080000
3345.487705	-2.280000
3345.499543	-2.580000
3345.511382	-2.580000
3345.523220	-2.280000
3345.535059	-1.480000
3345.546897	-2.280000
3345.558735	-2.080000
3345.570574	-1.780000
3345.582412	-1.280000
3345.594250	-2.080000
3345.606089	-2.080000
3345.617927	-2.580000
3345.629766	-2.080000
3345.641604	-1.480000
3345.653442	-2.080000
3345.665281	-2.080000
3345.677119	-1.780000
3345.688958	-1.780000
3345.700796	-1.780000
3345.712634	-1.780000
3345.724473	-2.280000
3345.736311	-2.280000
3345.748149	-1.780000
3345.759988	-2.280000
3345.771826	-2.580000
3345.783665	-2.280000
3345.795503	-2.280000
3345.807341	-2.280000
3345.819180	-2.280000
3345.831018	-2.580000
3345.842856	-2.080000
3345.854695	-2.280000
3345.866533	-1.280000
3345.878372	-1.280000
3345.890210	-1.780000
3345.902048	-1.780000
3345.913887	-2.080000
3345.925725	-2.080000
3345.937563	-2.280000
3345.949402	-2.280000
3345.961240	-2.880000
3345.973079	-2.880000
3345.984917	-2.580000
3345.996755	-2.280000
3346.008594	-2.280000
3346.020432	-2.280000
3346.032271	-2.080000
3346.044109	-2.080000
3346.055947	-1.780000
3346.067786	-2.080000
3346.079624	-2.280000
3346.091462	-2.280000
3346.103301	-2.280000
3346.115139	-1.780000
3346.126978	-2.280000
3346.138816	-1.780000
3346.150654	-2.080000
3346.162493	-2.080000
3346.174331	-1.480000
3346.186169	-1.280000
3346.198008	-1.280000
3346.209846	-1.280000
3346.221685	-1.480000
3346.233523	-0.980000
3346.245361	-1.280000
3346.257200	-1.480000
3346.269038	-1.480000
3346.280876	-1.480000
3346.292715	-2.080000
3346.304553	-2.280000
3346.316392	-2.580000
3346.328230	-3.080000
3346.340068	-2.280000
3346.351907	-2.080000
3346.363745	-1.780000
3346.375583	-1.780000
3346.387422	-1.480000
3346.399260	-1.780000
3346.411099	-1.780000
3346.422937	-1.480000
3346.434775	-1.280000
3346.446614	-1.480000
3346.458452	-1.480000
3346.470291	-1.780000
3346.482129	-1.780000
3346.493967	-2.080000
3346.505806	-1.780000
3346.517644	-1.780000
3346.529482	-2.080000
3346.541321	-2.080000
3346.553159	-1.780000
3346.564998	-2.280000
3346.576836	-1.780000
3346.588674	-1.780000
3346.600513	-1.780000
3346.612351	-1.480000
3346.624189	-1.780000
3346.636028	-2.080000
3346.647866	-2.080000
3346.659705	-2.280000
3346.671543	-2.280000
3346.683381	-2.080000
3346.695220	-2.080000
3346.707058	-2.080000
3346.718896	-2.280000
3346.730735	-2.080000
3346.742573	-2.080000
3346.754412	-2.080000
3346.766250	-2.280000
3346.778088	-3.080000
3346.789927	-2.580000
3346.801765	-2.280000
3346.813604	-1.780000
3346.825442	-1.780000
3346.837280	-2.080000
3346.849119	-2.080000
3346.860957	-1.780000
3346.872795	-1.480000
3346.884634	-1.480000
3346.896472	-1.780000
3346.908311	-1.780000
3346.920149	-1.780000
3346.931987	-2.080000
3346.943826	-2.580000
3346.955664	-2.280000
3346.967502	-1.280000
3346.979341	-1.780000
3346.991179	-1.480000
3347.003018	-1.780000
3347.014856	-1.480000
3347.026694	-1.780000
3347.038533	-2.280000
3347.050371	-2.080000
3347.062209	-1.780000
3347.074048	-2.080000
3347.085886	-2.280000
3347.097725	-2.080000
3347.109563	-1.780000
3347.121401	-1.280000
3347.133240	-1.780000
3347.145078	-0.980000
3347.156917	-1.280000
3347.168755	-1.780000
3347.180593	-2.080000
3347.192432	-2.280000
3347.204270	-2.080000
3347.216108	-1.480000
3347.227947	-2.080000
3347.239785	-2.080000
3347.251624	-1.780000
3347.263462	-1.480000
3347.275300	-1.280000
3347.287139	-1.280000
3347.298977	-1.480000
3347.310815	-1.280000
3347.322654	-1.280000
3347.334492	-1.280000
3347.346331	-1.780000
3347.358169	-1.480000
3347.370007	-2.280000
3347.381846	-1.780000
3347.393684	-1.780000
3347.405522	-1.480000
3347.417361	-1.780000
3347.429199	-2.080000
3347.441038	-2.080000
3347.452876	-2.080000
3347.464714	-2.280000
3347.476553	-2.080000
3347.488391	-1.780000
3347.500229	-1.480000
3347.512068	-0.680000
3347.523906	-0.980000
3347.535745	-1.280000
3347.547583	-1.280000
3347.559421	-1.280000
3347.571260	-0.980000
3347.583098	-1.480000
3347.594937	-1.480000
3347.606775	-1.280000
3347.618613	-1.280000
3347.630452	-0.980000
3347.642290	-0.980000
3347.654128	-1.280000
3347.665967	-1.480000
3347.677805	-1.480000
3347.689644	-1.480000
3347.701482	-1.780000
3347.713320	-1.480000
3347.725159	-0.980000
3347.736997	-0.980000
3347.748835	-0.980000
3347.760674	-1.280000
3347.772512	-1.480000
3347.784351	-1.480000
3347.796189	-1.280000
3347.808027	-1.280000
3347.819866	-1.280000
3347.831704	-0.980000
3347.843542	-0.980000
3347.855381	-1.280000
3347.867219	-0.980000
3347.879058	-0.680000
3347.890896	-1.280000
3347.902734	-1.280000
3347.914573	-1.480000
3347.926411	-2.080000
3347.938250	-1.780000
3347.950088	-1.480000
3347.961926	-2.080000
3347.973765	-1.480000
3347.985603	-1.480000
3347.997441	-1.480000
3348.009280	-1.280000
3348.021118	-0.980000
3348.032957	-0.980000
3348.044795	-1.280000
3348.056633	-1.280000
3348.068472	-1.280000
3348.080310	-1.480000
3348.092148	-1.480000
3348.103987	-1.280000
3348.115825	-1.780000
3348.127664	-2.080000
3348.139502	-1.480000
3348.151340	-1.780000
3348.163179	-1.480000
3348.175017	-1.280000
3348.186855	-1.280000
3348.198694	-0.980000
3348.210532	-0.980000
3348.222371	-1.480000
3348.234209	-1.480000
3348.246047	-1.480000
3348.257886	-1.280000
3348.269724	-0.680000
3348.281563	-0.680000
3348.293401	-0.980000
3348.305239	-1.280000
3348.317078	-0.680000
3348.328916	-0.980000
3348.340754	-0.180000
3348.352593	-0.980000
3348.364431	-0.680000
3348.376270	-0.980000
3348.388108	-0.680000
3348.399946	-0.680000
3348.411785	-0.980000
3348.423623	-0.680000
3348.435461	-0.680000
3348.447300	-0.680000
3348.459138	-0.980000
3348.470977	-1.480000
3348.482815	-1.480000
3348.494653	-1.480000
3348.506492	-1.480000
3348.518330	-1.480000
3348.530168	-1.280000
3348.542007	-1.780000
3348.553845	-1.280000
3348.565684	-0.680000
3348.577522	-0.980000
3348.589360	-1.280000
3348.601199	-0.680000
3348.613037	-0.680000
3348.624875	-0.680000
3348.636714	-0.980000
3348.648552	-0.980000
3348.660391	-1.280000
3348.672229	-1.280000
3348.684067	-0.980000
3348.695906	-0.980000
3348.707744	-1.280000
3348.719583	-0.980000
3348.731421	-0.680000
3348.743259	-0.980000
3348.755098	-1.280000
3348.766936	-1.280000
3348.778774	-0.980000
3348.790613	-1.480000
3348.802451	-0.980000
3348.814290	-0.680000
3348.826128	-0.180000
3348.837966	-0.680000
3348.849805	-0.680000
3348.861643	-0.980000
3348.873481	-0.980000
3348.885320	-0.480000
3348.897158	-0.180000
3348.908997	-0.680000
3348.920835	-0.680000
3348.932673	-0.480000
3348.944512	+0.120000
3348.956350	-0.480000
3348.968188	-0.680000
3348.980027	-0.980000
3348.991865	-0.680000
3349.003704	-0.680000
3349.015542	-0.680000
3349.027380	-0.980000
3349.039219	-0.480000
3349.051057	-0.680000
3349.062896	-0.980000
3349.074734	-0.980000
3349.086572	-1.480000
3349.098411	-0.980000
3349.110249	-0.680000
3349.122087	-0.680000
3349.133926	-0.480000
3349.145764	-0.480000
3349.157603	-0.480000
3349.169441	-0.680000
3349.181279	-0.680000
3349.193118	-0.480000
3349.204956	-0.480000
3349.216794	-0.480000
3349.228633	-0.980000
3349.240471	-0.680000
3349.252310	-0.680000
3349.264148	-0.480000
3349.275986	-0.480000
3349.287825	-0.480000
3349.299663	-0.680000
3349.311501	-0.180000
3349.323340	-0.180000
3349.335178	-0.480000
3349.347017	-0.180000
3349.358855	-0.480000
3349.370693	-0.480000
3349.382532	-0.480000
3349.394370	-0.480000
3349.406208	-0.680000
3349.418047	-0.480000
3349.429885	-0.480000
3349.441724	+0.120000
3349.453562	+0.120000
3349.465400	+0.120000
3349.477239	-0.480000
3349.489077	+0.120000
3349.500916	+0.120000
3349.512754	+0.120000
3349.524592	+0.120000
3349.536431	+0.620000
3349.548269	+0.120000
3349.560107	+0.120000
3349.571946	+0.120000
3349.583784	-0.180000
3349.595623	-0.180000
3349.607461	-0.180000
3349.619299	-0.180000
3349.631138	-0.480000
3349.642976	-0.480000
3349.654814	-0.180000
3349.666653	-0.480000
3349.678491	-0.180000
3349.690330	+0.120000
3349.702168	-0.180000
3349.714006	-0.680000
3349.725845	-0.680000
3349.737683	-0.480000
3349.749521	-0.480000
3349.761360	-0.180000
3349.773198	-0.180000
3349.785037	+0.320000
3349.796875	+0.120000
3349.808713	+0.320000
3349.820552	+0.320000
3349.832390	+0.320000
3349.844229	+0.320000
3349.856067	-0.480000
3349.867905	-0.680000
3349.879744	-0.680000
3349.891582	-0.180000
3349.903420	+0.120000
3349.915259	+0.320000
3349.927097	+0.620000
3349.938936	+0.120000
3349.950774	+0.120000
3349.962612	+0.320000
3349.974451	+0.620000
3349.986289	+0.320000
3349.998127	+0.620000
3350.009966	+0.620000
3350.021804	+0.920000
3350.033643	+0.920000
3350.045481	+1.420000
3350.057319	+0.620000
3350.069158	+0.320000
3350.080996	+0.120000
3350.092834	+0.620000
3350.104673	+0.320000
3350.116511	+0.320000
3350.128350	+0.120000
3350.140188	-0.180000
3350.152026	-0.180000
3350.163865	+0.120000
3350.175703	+0.320000
3350.187542	+0.320000
3350.199380	+0.320000
3350.211218	+0.620000
3350.223057	+0.920000
3350.234895	+0.320000
3350.246733	+0.920000
3350.258572	+0.920000
3350.270410	+0.620000
3350.282249	+0.320000
3350.294087	+0.120000
3350.305925	+0.320000
3350.317764	+0.320000
3350.329602	-0.180000
3350.341440	+0.120000
3350.353279	+0.120000
3350.365117	-0.480000
3350.376956	-0.180000
3350.388794	-0.180000
3350.400632	+0.120000
3350.412471	+0.120000
3350.424309	+0.320000
3350.436147	+0.620000
3350.447986	+0.620000
3350.459824	+0.120000
3350.471663	+0.120000
3350.483501	-0.180000
3350.495339	+0.620000
3350.507178	+0.920000
3350.519016	+0.920000
3350.530854	+0.920000
3350.542693	+1.420000
3350.554531	+1.420000
3350.566370	+0.920000
3350.578208	+0.920000
3350.590046	+1.120000
3350.601885	+1.120000
3350.613723	+1.120000
3350.625562	+0.620000
3350.637400	+0.320000
3350.649238	+0.620000
3350.661077	+1.120000
3350.672915	+1.120000
3350.684753	+1.120000
3350.696592	+0.620000
3350.708430	+0.120000
3350.720269	+0.320000
3350.732107	+0.620000
3350.743945	+1.120000
3350.755784	+0.620000
3350.767622	+0.920000
3350.779460	+0.320000
3350.791299	+0.320000
3350.803137	+1.120000
3350.814976	+1.720000
3350.826814	+1.120000
3350.838652	+1.420000
3350.850491	+1.920000
3350.862329	+1.920000
3350.874167	+1.120000
3350.886006	+1.120000
3350.897844	+0.920000
3350.909683	+0.320000
3350.921521	+0.320000
3350.933359	+1.120000
3350.945198	+0.920000
3350.957036	+1.120000
3350.968875	+1.120000
3350.980713	+1.420000
3350.992551	+1.420000
3351.004390	+1.420000
3351.016228	+1.120000
3351.028066	+1.420000
3351.039905	+1.420000
3351.051743	+1.920000
3351.063582	+1.720000
3351.075420	+1.720000
3351.087258	+1.120000
3351.099097	+1.420000
3351.110935	+1.420000
3351.122773	+1.720000
3351.134612	+1.720000
3351.146450	+1.420000
3351.158289	+1.120000
3351.170127	+0.920000
3351.181965	+1.420000
3351.193804	+1.420000
3351.205642	+2.220000
3351.217480	+1.920000
3351.229319	+1.720000
3351.241157	+1.120000
3351.252996	+0.920000
3351.264834	+1.420000
3351.276672	+1.420000
3351.288511	+1.420000
3351.300349	+1.420000
3351.312188	+1.120000
3351.324026	+1.920000
3351.335864	+1.720000
3351.347703	+1.920000
3351.359541	+1.420000
3351.371379	+1.420000
3351.383218	+1.720000
3351.395056	+1.720000
3351.406895	+1.120000
3351.418733	+1.920000
3351.430571	+2.220000
3351.442410	+1.920000
3351.454248	+1.720000
3351.466086	+1.420000
3351.477925	+1.120000
3351.489763	+1.720000
3351.501602	+2.220000
3351.513440	+1.920000
3351.525278	+1.720000
3351.537117	+0.920000
3351.548955	+1.720000
3351.560793	+1.720000
3351.572632	+1.120000
3351.584470	+1.420000
3351.596309	+1.720000
3351.608147	+1.920000
3351.619985	+1.720000
3351.631824	+1.120000
3351.643662	+1.420000
3351.655500	+1.720000
3351.667339	+1.720000
3351.679177	+1.420000
3351.691016	+1.920000
3351.702854	+1.920000
3351.714692	+1.420000
3351.726531	+1.920000
3351.738369	+1.720000
3351.750208	+1.920000
3351.762046	+2.520000
3351.773884	+3.020000
3351.785723	+2.720000
3351.797561	+2.220000
3351.809399	+1.720000
3351.821238	+1.420000
3351.833076	+1.420000
3351.844915	+1.920000
3351.856753	+1.720000
3351.868591	+2.220000
3351.880430	+2.720000
3351.892268	+2.520000
3351.904106	+1.920000
3351.915945	+1.920000
3351.927783	+2.220000
3351.939622	+1.920000
3351.951460	+2.520000
3351.963298	+2.720000
3351.975137	+2.520000
3351.986975	+1.720000
3351.998813	+2.220000
3352.010652	+1.720000
3352.022490	+1.720000
3352.034329	+1.920000
3352.046167	+2.720000
3352.058005	+2.520000
3352.069844	+2.520000
3352.081682	+1.920000
3352.093521	+2.520000
3352.105359	+2.720000
3352.117197	+3.020000
3352.129036	+3.020000
3352.140874	+2.720000
3352.152712	+2.520000
3352.164551	+2.520000
3352.176389	+2.520000
3352.188228	+2.720000
3352.200066	+3.020000
3352.211904	+2.520000
3352.223743	+3.020000
3352.235581	+3.020000
3352.247419	+2.720000
3352.259258	+3.320000
3352.271096	+3.320000
3352.282935	+3.320000
3352.294773	+3.320000
3352.306611	+3.020000
3352.318450	+3.020000
3352.330288	+2.720000
3352.342126	+3.320000
3352.353965	+3.320000
3352.365803	+3.020000
3352.377642	+2.720000
3352.389480	+2.520000
3352.401318	+2.720000
3352.413157	+3.520000
3352.424995	+3.320000
3352.436833	+3.820000
3352.448672	+3.520000
3352.460510	+3.520000
3352.472349	+3.820000
3352.484187	+3.820000
3352.496025	+4.120000
3352.507864	+3.820000
3352.519702	+3.520000
3352.531541	+3.820000
3352.543379	+3.820000
3352.555217	+3.320000
3352.567056	+3.520000
3352.578894	+3.320000
3352.590732	+3.020000
3352.602571	+3.320000
3352.614409	+3.520000
3352.626248	+3.820000
3352.638086	+3.520000
3352.649924	+3.820000
3352.661763	+3.820000
3352.673601	+3.820000
3352.685439	+4.320000
3352.697278	+4.320000
3352.709116	+4.120000
3352.720955	+4.120000
3352.732793	+4.120000
3352.744631	+4.120000
3352.756470	+4.120000
3352.768308	+3.820000
3352.780146	+3.520000
3352.791985	+3.320000
3352.803823	+3.520000
3352.815662	+4.120000
3352.827500	+4.920000
3352.839338	+4.620000
3352.851177	+4.320000
3352.863015	+4.620000
3352.874854	+4.120000
3352.886692	+4.120000
3352.898530	+4.120000
3352.910369	+4.320000
3352.922207	+4.320000
3352.934045	+4.320000
3352.945884	+4.620000
3352.957722	+4.620000
3352.969561	+5.120000
3352.981399	+4.920000
3352.993237	+4.920000
3353.005076	+5.120000
3353.016914	+4.920000
3353.028752	+4.920000
3353.040591	+5.120000
3353.052429	+5.420000
3353.064268	+4.920000
3353.076106	+5.120000
3353.087944	+4.620000
3353.099783	+4.320000
3353.111621	+4.920000
3353.123459	+4.120000
3353.135298	+4.320000
3353.147136	+4.620000
3353.158975	+4.920000
3353.170813	+4.920000
3353.182651	+4.920000
3353.194490	+5.120000
3353.206328	+5.120000
3353.218167	+5.420000
3353.230005	+5.720000
3353.241843	+6.220000
3353.253682	+5.920000
3353.265520	+5.920000
3353.277358	+5.720000
3353.289197	+5.920000
3353.301035	+5.420000
3353.312874	+5.420000
3353.324712	+5.120000
3353.336550	+5.120000
3353.348389	+5.720000
3353.360227	+5.920000
3353.372065	+5.420000
3353.383904	+6.220000
3353.395742	+5.720000
3353.407581	+5.920000
3353.419419	+5.720000
3353.431257	+5.920000
3353.443096	+5.920000
3353.454934	+5.920000
3353.466772	+5.720000
3353.478611	+5.920000
3353.490449	+6.220000
3353.502288	+6.520000
3353.514126	+6.520000
3353.525964	+5.920000
3353.537803	+5.420000
3353.549641	+5.720000
3353.561479	+6.220000
3353.573318	+5.920000
3353.585156	+6.520000
3353.596995	+6.720000
3353.608833	+6.720000
3353.620671	+6.720000
3353.632510	+6.720000
3353.644348	+6.720000
3353.656187	+6.520000
3353.668025	+5.920000
3353.679863	+5.920000
3353.691702	+6.720000
3353.703540	+7.020000
3353.715378	+6.520000
3353.727217	+6.720000
3353.739055	+6.520000
3353.750894	+6.520000
3353.762732	+6.720000
3353.774570	+7.320000
3353.786409	+6.720000
3353.798247	+6.720000
3353.810085	+6.720000
3353.821924	+6.720000
3353.833762	+6.220000
3353.845601	+6.520000
3353.857439	+6.720000
3353.869277	+6.520000
3353.881116	+6.520000
3353.892954	+6.720000
3353.904792	+7.020000
3353.916631	+7.020000
3353.928469	+7.020000
3353.940308	+7.520000
3353.952146	+7.320000
3353.963984	+7.020000
3353.975823	+7.520000
3353.987661	+7.820000
3353.999500	+7.520000
3354.011338	+7.520000
3354.023176	+7.320000
3354.035015	+7.520000
3354.046853	+7.820000
3354.058691	+7.820000
3354.070530	+7.320000
3354.082368	+7.320000
3354.094207	+8.120000
3354.106045	+8.120000
3354.117883	+7.520000
3354.129722	+7.520000
3354.141560	+7.520000
3354.153398	+7.820000
3354.165237	+7.820000
3354.177075	+8.120000
3354.188914	+8.120000
3354.200752	+8.320000
3354.212590	+7.820000
3354.224429	+8.120000
3354.236267	+8.120000
3354.248105	+8.120000
3354.259944	+8.320000
3354.271782	+8.620000
3354.283621	+8.320000
3354.295459	+7.820000
3354.307297	+8.320000
3354.319136	+7.820000
3354.330974	+8.320000
3354.342813	+8.320000
3354.354651	+8.620000
3354.366489	+8.620000
3354.378328	+8.320000
3354.390166	+8.320000
3354.402004	+8.320000
3354.413843	+8.920000
3354.425681	+8.920000
3354.437520	+8.920000
3354.449358	+8.620000
3354.461196	+9.120000
3354.473035	+8.620000
3354.484873	+9.420000
3354.496711	+9.120000
3354.508550	+9.420000
3354.520388	+9.120000
3354.532227	+9.420000
3354.544065	+9.720000
3354.555903	+9.420000
3354.567742	+8.920000
3354.579580	+9.120000
3354.591418	+9.420000
3354.603257	+9.420000
3354.615095	+9.720000
3354.626934	+9.920000
3354.638772	+9.420000
3354.650610	+9.420000
3354.662449	+9.120000
3354.674287	+9.420000
3354.686125	+9.720000
3354.697964	+9.420000
3354.709802	+9.120000
3354.721641	+9.120000
3354.733479	+9.720000
3354.745317	+10.220000
3354.757156	+10.220000
3354.768994	+10.220000
3354.780833	+10.220000
3354.792671	+10.220000
3354.804509	+10.520000
3354.816348	+10.520000
3354.828186	+10.520000
3354.840024	+10.220000
3354.851863	+10.520000
3354.863701	+11.020000
3354.875540	+11.320000
3354.887378	+11.320000
3354.899216	+11.320000
3354.911055	+11.020000
3354.922893	+11.520000
3354.934731	+11.320000
3354.946570	+11.020000
3354.958408	+11.020000
3354.970247	+11.320000
3354.982085	+11.320000
3354.993923	+11.020000
3355.005762	+11.320000
3355.017600	+11.320000
3355.029438	+11.320000
3355.041277	+11.320000
3355.053115	+11.520000
3355.064954	+11.820000
3355.076792	+11.820000
3355.088630	+12.120000
3355.100469	+12.320000
3355.112307	+12.620000
3355.124146	+12.620000
3355.135984	+12.920000
3355.147822	+12.120000
3355.159661	+12.620000
3355.171499	+12.320000
3355.183337	+12.620000
3355.195176	+12.620000
3355.207014	+13.420000
3355.218853	+13.120000
3355.230691	+12.920000
3355.242529	+13.420000
3355.254368	+13.120000
3355.266206	+12.920000
3355.278044	+13.420000
3355.289883	+12.620000
3355.301721	+12.620000
3355.313560	+13.120000
3355.325398	+13.420000
3355.337236	+12.620000
3355.349075	+13.120000
3355.360913	+13.720000
3355.372751	+14.220000
3355.384590	+13.920000
3355.396428	+14.220000
3355.408267	+13.920000
3355.420105	+14.220000
3355.431943	+14.220000
3355.443782	+14.220000
3355.455620	+14.720000
3355.467458	+14.520000
3355.479297	+14.220000
3355.491135	+14.220000
3355.502974	+14.720000
3355.514812	+15.320000
3355.526650	+15.320000
3355.538489	+14.720000
3355.550327	+15.020000
3355.562166	+15.520000
3355.574004	+15.320000
3355.585842	+15.020000
3355.597681	+15.020000
3355.609519	+15.320000
3355.621357	+15.020000
3355.633196	+15.320000
3355.645034	+15.820000
3355.656873	+16.320000
3355.668711	+16.620000
3355.680549	+17.120000
3355.692388	+16.920000
3355.704226	+16.620000
3355.716064	+16.920000
3355.727903	+17.120000
3355.739741	+17.120000
3355.751580	+16.920000
3355.763418	+17.120000
3355.775256	+17.120000
3355.787095	+17.420000
3355.798933	+17.420000
3355.810771	+17.420000
3355.822610	+17.720000
3355.834448	+17.420000
3355.846287	+17.920000
3355.858125	+17.720000
3355.869963	+17.720000
3355.881802	+17.920000
3355.893640	+18.520000
3355.905479	+18.220000
3355.917317	+17.920000
3355.929155	+18.520000
3355.940994	+19.020000
3355.952832	+19.020000
3355.964670	+19.020000
3355.976509	+18.720000
3355.988347	+18.520000
3356.000186	+19.320000
3356.012024	+19.320000
3356.023862	+19.320000
3356.035701	+19.320000
3356.047539	+19.820000
3356.059377	+20.620000
3356.071216	+20.320000
3356.083054	+20.120000
3356.094893	+20.120000
3356.106731	+20.620000
3356.118569	+21.720000
3356.130408	+21.720000
3356.142246	+21.720000
3356.154084	+21.420000
3356.165923	+21.420000
3356.177761	+22.220000
3356.189600	+22.220000
3356.201438	+21.920000
3356.213276	+21.920000
3356.225115	+22.220000
3356.236953	+22.220000
3356.248792	+22.220000
3356.260630	+22.520000
3356.272468	+22.720000
3356.284307	+23.020000
3356.296145	+22.720000
3356.307983	+22.720000
3356.319822	+23.020000
3356.331660	+22.720000
3356.343499	+22.720000
3356.355337	+23.820000
3356.367175	+23.820000
3356.379014	+23.320000
3356.390852	+23.320000
3356.402690	+23.320000
3356.414529	+24.120000
3356.426367	+24.120000
3356.438206	+24.620000
3356.450044	+24.920000
3356.461882	+25.120000
3356.473721	+25.120000
3356.485559	+25.720000
3356.497397	+25.920000
3356.509236	+25.920000
3356.521074	+26.220000
3356.532913	+26.220000
3356.544751	+26.720000
3356.556589	+26.720000
3356.568428	+26.520000
3356.580266	+26.220000
3356.592104	+26.720000
3356.603943	+27.520000
3356.615781	+28.320000
3356.627620	+27.520000
3356.639458	+28.120000
3356.651296	+28.320000
3356.663135	+28.620000
3356.674973	+28.920000
3356.686812	+29.120000
3356.698650	+29.120000
3356.710488	+28.920000
3356.722327	+29.120000
3356.734165	+29.420000
3356.746003	+29.420000
3356.757842	+29.920000
3356.769680	+30.220000
3356.781519	+30.720000
3356.793357	+30.220000
3356.805195	+30.220000
3356.817034	+30.520000
3356.828872	+31.320000
3356.840710	+31.520000
3356.852549	+31.820000
3356.864387	+31.820000
3356.876226	+31.820000
3356.888064	+31.820000
3356.899902	+32.320000
3356.911741	+32.620000
3356.923579	+32.920000
3356.935417	+33.120000
3356.947256	+33.120000
3356.959094	+32.920000
3356.970933	+32.920000
3356.982771	+33.120000
3356.994609	+33.720000
3357.006448	+34.220000
3357.018286	+34.520000
3357.030125	+35.320000
3357.041963	+35.320000
3357.053801	+35.020000
3357.065640	+34.720000
3357.077478	+35.020000
3357.089316	+35.320000
3357.101155	+35.320000
3357.112993	+35.520000
3357.124832	+36.120000
3357.136670	+36.320000
3357.148508	+36.620000
3357.160347	+37.120000
3357.172185	+37.120000
3357.184023	+37.420000
3357.195862	+37.920000
3357.207700	+37.920000
3357.219539	+37.920000
3357.231377	+37.920000
3357.243215	+37.920000
3357.255054	+37.920000
3357.266892	+38.520000
3357.278730	+38.220000
3357.290569	+39.020000
3357.302407	+38.720000
3357.314246	+38.720000
3357.326084	+39.520000
3357.337922	+39.820000
3357.349761	+40.120000
3357.361599	+40.620000
3357.373438	+40.620000
3357.385276	+41.420000
3357.397114	+40.920000
3357.408953	+41.120000
3357.420791	+41.420000
3357.432629	+41.920000
3357.444468	+41.920000
3357.456306	+42.520000
3357.468145	+42.720000
3357.479983	+42.720000
3357.491821	+43.320000
3357.503660	+43.020000
3357.515498	+42.720000
3357.527336	+43.020000
3357.539175	+43.020000
3357.551013	+43.520000
3357.562852	+43.520000
3357.574690	+43.520000
3357.586528	+44.920000
3357.598367	+45.120000
3357.610205	+44.920000
3357.622043	+44.920000
3357.633882	+45.720000
3357.645720	+45.720000
3357.657559	+45.720000
3357.669397	+46.220000
3357.681235	+46.720000
3357.693074	+46.720000
3357.704912	+47.020000
3357.716750	+47.020000
3357.728589	+46.720000
3357.740427	+47.320000
3357.752266	+47.820000
3357.764104	+48.120000
3357.775942	+48.320000
3357.787781	+48.320000
3357.799619	+48.920000
3357.811458	+48.620000
3357.823296	+48.920000
3357.835134	+48.620000
3357.846973	+48.620000
3357.858811	+48.620000
3357.870649	+49.120000
3357.882488	+49.720000
3357.894326	+49.920000
3357.906165	+50.220000
3357.918003	+50.220000
3357.929841	+50.520000
3357.941680	+50.720000
3357.953518	+51.320000
3357.965356	+52.120000
3357.977195	+52.320000
3357.989033	+51.320000
3358.000872	+51.520000
3358.012710	+52.120000
3358.024548	+51.820000
3358.036387	+52.320000
3358.048225	+52.920000
3358.060063	+53.120000
3358.071902	+53.120000
3358.083740	+53.420000
3358.095579	+53.120000
3358.107417	+53.720000
3358.119255	+53.920000
3358.131094	+53.920000
3358.142932	+54.520000
3358.154771	+54.720000
3358.166609	+54.520000
3358.178447	+54.220000
3358.190286	+55.320000
3358.202124	+55.320000
3358.213962	+56.120000
3358.225801	+55.520000
3358.237639	+56.120000
3358.249478	+56.120000
3358.261316	+56.120000
3358.273154	+56.320000
3358.284993	+56.320000
3358.296831	+56.120000
3358.308669	+56.320000
3358.320508	+56.620000
3358.332346	+56.620000
3358.344185	+56.920000
3358.356023	+56.920000
3358.367861	+57.720000
3358.379700	+57.720000
3358.391538	+58.720000
3358.403376	+58.720000
3358.415215	+58.720000
3358.427053	+58.520000
3358.438892	+58.520000
3358.450730	+58.520000
3358.462568	+58.520000
3358.474407	+59.020000
3358.486245	+59.520000
3358.498083	+59.820000
3358.509922	+59.020000
3358.521760	+59.320000
3358.533599	+59.320000
3358.545437	+60.120000
3358.557275	+59.820000
3358.569114	+59.520000
3358.580952	+59.820000
3358.592791	+60.620000
3358.604629	+60.320000
3358.616467	+60.320000
3358.628306	+60.320000
3358.640144	+60.620000
3358.651982	+60.620000
3358.663821	+60.620000
3358.675659	+61.120000
3358.687498	+61.120000
3358.699336	+61.420000
3358.711174	+62.520000
3358.723013	+62.220000
3358.734851	+62.520000
3358.746689	+62.720000
3358.758528	+62.520000
3358.770366	+62.520000
3358.782205	+62.520000
3358.794043	+61.920000
3358.805881	+61.920000
3358.817720	+62.720000
3358.829558	+63.020000
3358.841396	+63.020000
3358.853235	+63.520000
3358.865073	+63.820000
3358.876912	+63.320000
3358.888750	+63.320000
3358.900588	+63.520000
3358.912427	+63.320000
3358.924265	+63.020000
3358.936104	+63.520000
3358.947942	+63.320000
3358.959780	+64.120000
3358.971619	+64.620000
3358.983457	+64.920000
3358.995295	+64.320000
3359.007134	+64.320000
3359.018972	+64.120000
3359.030811	+64.320000
3359.042649	+64.620000
3359.054487	+64.320000
3359.066326	+65.120000
3359.078164	+64.920000
3359.090002	+65.120000
3359.101841	+65.120000
3359.113679	+64.920000
3359.125518	+64.620000
3359.137356	+64.920000
3359.149194	+65.120000
3359.161033	+65.120000
3359.172871	+64.920000
3359.184709	+64.920000
3359.196548	+64.920000
3359.208386	+65.420000
3359.220225	+64.920000
3359.232063	+65.420000
3359.243901	+65.420000
3359.255740	+65.120000
3359.267578	+65.420000
3359.279417	+65.420000
3359.291255	+65.920000
3359.303093	+65.720000
3359.314932	+65.920000
3359.326770	+65.920000
3359.338608	+65.920000
3359.350447	+65.720000
3359.362285	+65.920000
3359.374124	+65.920000
3359.385962	+65.920000
3359.397800	+65.420000
3359.409639	+65.120000
3359.421477	+65.920000
3359.433315	+65.920000
3359.445154	+65.920000
3359.456992	+65.420000
3359.468831	+65.920000
3359.480669	+66.220000
3359.492507	+66.720000
3359.504346	+66.520000
3359.516184	+66.520000
3359.528022	+66.520000
3359.539861	+66.520000
3359.551699	+65.920000
3359.563538	+66.520000
3359.575376	+66.520000
3359.587214	+67.020000
3359.599053	+67.020000
3359.610891	+67.020000
3359.622729	+67.020000
3359.634568	+66.720000
3359.646406	+67.020000
3359.658245	+67.520000
3359.670083	+67.320000
3359.681921	+67.020000
3359.693760	+66.720000
3359.705598	+66.720000
3359.717437	+67.020000
3359.729275	+67.020000
3359.741113	+66.720000
3359.752952	+67.320000
3359.764790	+67.020000
3359.776628	+67.020000
3359.788467	+67.320000
3359.800305	+67.820000
3359.812144	+67.820000
3359.823982	+67.320000
3359.835820	+67.520000
3359.847659	+68.320000
3359.859497	+68.120000
3359.871335	+68.120000
3359.883174	+68.920000
3359.895012	+68.620000
3359.906851	+68.320000
3359.918689	+68.120000
3359.930527	+68.320000
3359.942366	+68.120000
3359.954204	+68.120000
3359.966042	+68.320000
3359.977881	+68.120000
3359.989719	+68.320000
3360.001558	+67.820000
3360.013396	+68.120000
3360.025234	+68.320000
3360.037073	+68.320000
3360.048911	+68.620000
3360.060750	+68.920000
3360.072588	+68.620000
3360.084426	+68.920000
3360.096265	+69.420000
3360.108103	+69.120000
3360.119941	+69.120000
3360.131780	+69.420000
3360.143618	+69.720000
3360.155457	+70.220000
3360.167295	+70.220000
3360.179133	+70.220000
3360.190972	+69.920000
3360.202810	+69.720000
3360.214648	+69.920000
3360.226487	+70.220000
3360.238325	+69.920000
3360.250164	+70.220000
3360.262002	+70.520000
3360.273840	+70.720000
3360.285679	+70.720000
3360.297517	+71.320000
3360.309355	+71.520000
3360.321194	+71.520000
3360.333032	+71.820000
3360.344871	+71.820000
3360.356709	+72.120000
3360.368547	+72.320000
3360.380386	+73.120000
3360.392224	+73.120000
3360.404063	+72.920000
3360.415901	+73.120000
3360.427739	+73.120000
3360.439578	+73.720000
3360.451416	+73.720000
3360.463254	+74.220000
3360.475093	+73.920000
3360.486931	+74.220000
3360.498770	+73.720000
3360.510608	+73.720000
3360.522446	+74.220000
3360.534285	+75.020000
3360.546123	+75.020000
3360.557961	+75.020000
3360.569800	+75.020000
3360.581638	+75.020000
3360.593477	+75.520000
3360.605315	+75.820000
3360.617153	+75.820000
3360.628992	+76.320000
3360.640830	+76.920000
3360.652668	+76.920000
3360.664507	+77.420000
3360.676345	+77.920000
3360.688184	+78.220000
3360.700022	+77.920000
3360.711860	+78.520000
3360.723699	+78.220000
3360.735537	+77.920000
3360.747375	+78.520000
3360.759214	+79.320000
3360.771052	+79.520000
3360.782891	+79.520000
3360.794729	+80.120000
3360.806567	+80.620000
3360.818406	+80.920000
3360.830244	+81.120000
3360.842083	+81.120000
3360.853921	+81.720000
3360.865759	+81.420000
3360.877598	+81.720000
3360.889436	+83.320000
3360.901274	+83.320000
3360.913113	+83.820000
3360.924951	+83.820000
3360.936790	+84.620000
3360.948628	+84.920000
3360.960466	+85.120000
3360.972305	+85.920000
3360.984143	+85.920000
3360.995981	+86.720000
3361.007820	+87.020000
3361.019658	+87.320000
3361.031497	+87.320000
3361.043335	+87.520000
3361.055173	+87.820000
3361.067012	+87.820000
3361.078850	+89.120000
3361.090688	+89.420000
3361.102527	+89.720000
3361.114365	+89.720000
3361.126204	+90.220000
3361.138042	+91.020000
3361.149880	+91.520000
3361.161719	+92.120000
3361.173557	+92.320000
3361.185396	+93.720000
3361.197234	+93.720000
3361.209072	+94.520000
3361.220911	+95.320000
3361.232749	+95.820000
3361.244587	+96.120000
3361.256426	+95.820000
3361.268264	+96.320000
3361.280103	+97.120000
3361.291941	+97.920000
3361.303779	+98.220000
3361.315618	+98.720000
3361.327456	+99.020000
3361.339294	+99.820000
3361.351133	+100.320000
3361.362971	+100.120000
3361.374810	+100.920000
3361.386648	+101.120000
3361.398486	+101.720000
3361.410325	+102.720000
3361.422163	+103.020000
3361.434001	+104.320000
3361.445840	+104.320000
3361.457678	+104.620000
3361.469517	+105.420000
3361.481355	+106.520000
3361.493193	+107.020000
3361.505032	+107.520000
3361.516870	+108.320000
3361.528708	+109.420000
3361.540547	+109.920000
3361.552385	+111.020000
3361.564224	+110.520000
3361.576062	+111.020000
3361.587900	+111.520000
3361.599739	+111.820000
3361.611577	+112.620000
3361.623416	+113.420000
3361.635254	+114.520000
3361.647092	+115.020000
3361.658931	+115.520000
3361.670769	+116.320000
3361.682607	+117.420000
3361.694446	+117.920000
3361.706284	+119.020000
3361.718123	+120.120000
3361.729961	+120.320000
3361.741799	+120.920000
3361.753638	+121.420000
3361.765476	+121.920000
3361.777314	+122.520000
3361.789153	+123.520000
3361.800991	+124.120000
3361.812830	+124.620000
3361.824668	+125.720000
3361.836506	+126.520000
3361.848345	+127.020000
3361.860183	+127.820000
3361.872021	+128.320000
3361.883860	+129.120000
3361.895698	+129.420000
3361.907537	+130.220000
3361.919375	+130.720000
3361.931213	+132.320000
3361.943052	+132.620000
3361.954890	+133.420000
3361.966729	+134.220000
3361.978567	+134.220000
3361.990405	+134.720000
3362.002244	+136.120000
3362.014082	+136.620000
3362.025920	+136.920000
3362.037759	+137.720000
3362.049597	+138.720000
3362.061436	+140.120000
3362.073274	+140.620000
3362.085112	+141.720000
3362.096951	+142.520000
3362.108789	+143.020000
3362.120627	+143.520000
3362.132466	+144.320000
3362.144304	+145.120000
3362.156143	+145.920000
3362.167981	+147.020000
3362.179819	+147.320000
3362.191658	+147.820000
3362.203496	+148.320000
3362.215334	+149.720000
3362.227173	+150.220000
3362.239011	+150.720000
3362.250850	+151.520000
3362.262688	+152.620000
3362.274526	+153.120000
3362.286365	+153.720000
3362.298203	+155.320000
3362.310042	+156.320000
3362.321880	+156.920000
3362.333718	+157.720000
3362.345557	+158.220000
3362.357395	+159.020000
3362.369233	+159.820000
3362.381072	+160.120000
3362.392910	+160.320000
3362.404749	+161.120000
3362.416587	+162.720000
3362.428425	+163.820000
3362.440264	+164.620000
3362.452102	+164.920000
3362.463940	+165.920000
3362.475779	+166.220000
3362.487617	+167.320000
3362.499456	+168.120000
3362.511294	+169.120000
3362.523132	+170.220000
3362.534971	+170.520000
3362.546809	+171.320000
3362.558647	+171.820000
3362.570486	+172.320000
3362.582324	+172.920000
3362.594163	+173.920000
3362.606001	+175.020000
3362.617839	+175.520000
3362.629678	+176.320000
3362.641516	+176.620000
3362.653354	+177.420000
3362.665193	+177.920000
3362.677031	+178.520000
3362.688870	+179.820000
3362.700708	+180.320000
3362.712546	+181.120000
3362.724385	+182.220000
3362.736223	+182.720000
3362.748062	+183.320000
3362.759900	+183.820000
3362.771738	+184.320000
3362.783577	+184.620000
3362.795415	+185.920000
3362.807253	+186.520000
3362.819092	+186.520000
3362.830930	+187.520000
3362.842769	+187.820000
3362.854607	+188.120000
3362.866445	+188.620000
3362.878284	+189.720000
3362.890122	+190.520000
3362.901960	+190.720000
3362.913799	+191.020000
3362.925637	+192.620000
3362.937476	+192.920000
3362.949314	+193.720000
3362.961152	+193.720000
3362.972991	+194.220000
3362.984829	+194.520000
3362.996667	+194.520000
3363.008506	+196.120000
3363.020344	+196.320000
3363.032183	+197.120000
3363.044021	+197.920000
3363.055859	+198.720000
3363.067698	+198.520000
3363.079536	+199.020000
3363.091375	+199.520000
3363.103213	+200.920000
3363.115051	+200.320000
3363.126890	+201.120000
3363.138728	+201.120000
3363.150566	+201.420000
3363.162405	+202.220000
3363.174243	+201.920000
3363.186082	+202.520000
3363.197920	+202.720000
3363.209758	+202.720000
3363.221597	+203.520000
3363.233435	+203.820000
3363.245273	+203.820000
3363.257112	+204.120000
3363.268950	+204.620000
3363.280789	+205.120000
3363.292627	+205.420000
3363.304465	+205.920000
3363.316304	+205.920000
3363.328142	+206.520000
3363.339980	+207.020000
3363.351819	+207.020000
3363.363657	+207.320000
3363.375496	+207.320000
3363.387334	+207.320000
3363.399172	+207.320000
3363.411011	+207.520000
3363.422849	+207.320000
3363.434688	+207.320000
3363.446526	+207.520000
3363.458364	+207.520000
3363.470203	+207.320000
3363.482041	+207.520000
3363.493879	+207.520000
3363.505718	+208.120000
3363.517556	+207.820000
3363.529395	+208.120000
3363.541233	+208.320000
3363.553071	+208.620000
3363.564910	+208.320000
3363.576748	+207.820000
3363.588586	+207.320000
3363.600425	+207.020000
3363.612263	+207.320000
3363.624102	+207.320000
3363.635940	+207.320000
3363.647778	+207.020000
3363.659617	+207.020000
3363.671455	+207.020000
3363.683293	+206.520000
3363.695132	+206.220000
3363.706970	+205.920000
3363.718809	+206.520000
3363.730647	+206.220000
3363.742485	+205.920000
3363.754324	+205.120000
3363.766162	+204.320000
3363.778000	+203.820000
3363.789839	+203.320000
3363.801677	+203.320000
3363.813516	+203.020000
3363.825354	+202.520000
3363.837192	+201.920000
3363.849031	+201.420000
3363.860869	+201.720000
3363.872708	+201.420000
3363.884546	+200.620000
3363.896384	+200.120000
3363.908223	+199.520000
3363.920061	+199.020000
3363.931899	+199.020000
3363.943738	+198.720000
3363.955576	+197.920000
3363.967415	+196.620000
3363.979253	+195.820000
3363.991091	+195.820000
3364.002930	+195.320000
3364.014768	+194.720000
3364.026606	+193.720000
3364.038445	+193.120000
3364.050283	+192.320000
3364.062122	+192.120000
3364.073960	+190.720000
3364.085798	+189.420000
3364.097637	+188.920000
3364.109475	+188.320000
3364.121313	+187.520000
3364.133152	+186.220000
3364.144990	+185.920000
3364.156829	+184.620000
3364.168667	+184.120000
3364.180505	+183.520000
3364.192344	+182.720000
3364.204182	+181.120000
3364.216021	+180.920000
3364.227859	+180.320000
3364.239697	+179.820000
3364.251536	+179.020000
3364.263374	+177.720000
3364.275212	+176.920000
3364.287051	+175.520000
3364.298889	+174.720000
3364.310728	+173.720000
3364.322566	+171.820000
3364.334404	+170.520000
3364.346243	+169.420000
3364.358081	+168.320000
3364.369919	+167.020000
3364.381758	+166.220000
3364.393596	+164.920000
3364.405435	+163.520000
3364.417273	+162.220000
3364.429111	+160.920000
3364.440950	+159.820000
3364.452788	+158.220000
3364.464626	+157.120000
3364.476465	+156.120000
3364.488303	+155.320000
3364.500142	+153.720000
3364.511980	+151.520000
3364.523818	+149.920000
3364.535657	+149.120000
3364.547495	+147.320000
3364.559333	+146.220000
3364.571172	+144.320000
3364.583010	+142.220000
3364.594849	+141.120000
3364.606687	+139.520000
3364.618525	+138.220000
3364.630364	+136.320000
3364.642202	+135.020000
3364.654041	+133.920000
3364.665879	+132.920000
3364.677717	+131.020000
3364.689556	+129.420000
3364.701394	+127.820000
3364.713232	+127.020000
3364.725071	+125.120000
3364.736909	+123.020000
3364.748748	+121.420000
3364.760586	+119.820000
3364.772424	+118.720000
3364.784263	+117.120000
3364.796101	+115.820000
3364.807939	+113.920000
3364.819778	+112.620000
3364.831616	+110.720000
3364.843455	+109.120000
3364.855293	+107.020000
3364.867131	+105.420000
3364.878970	+103.320000
3364.890808	+101.420000
3364.902646	+99.520000
3364.914485	+97.920000
3364.926323	+96.320000
3364.938162	+94.720000
3364.950000	+92.320000
3364.961838	+90.720000
3364.973677	+89.120000
3364.985515	+87.320000
3364.997354	+86.220000
3365.009192	+84.320000
3365.021030	+83.020000
3365.032869	+80.920000
3365.044707	+79.520000
3365.056545	+77.420000
3365.068384	+75.820000
3365.080222	+73.920000
3365.092061	+70.720000
3365.103899	+68.920000
3365.115737	+66.220000
3365.127576	+64.620000
3365.139414	+61.920000
3365.151252	+60.920000
3365.163091	+59.520000
3365.174929	+58.220000
3365.186768	+56.620000
3365.198606	+53.920000
3365.210444	+52.320000
3365.222283	+49.720000
3365.234121	+48.120000
3365.245959	+44.920000
3365.257798	+43.520000
3365.269636	+41.420000
3365.281475	+40.120000
3365.293313	+37.720000
3365.305151	+35.820000
3365.316990	+33.720000
3365.328828	+32.320000
3365.340667	+30.720000
3365.352505	+28.920000
3365.364343	+26.520000
3365.376182	+23.820000
3365.388020	+21.720000
3365.399858	+20.620000
3365.411697	+17.920000
3365.423535	+15.820000
3365.435374	+13.420000
3365.447212	+11.520000
3365.459050	+9.920000
3365.470889	+7.820000
3365.482727	+6.520000
3365.494565	+4.320000
3365.506404	+1.920000
3365.518242	+0.120000
3365.530081	-1.780000
3365.541919	-3.680000
3365.553757	-5.780000
3365.565596	-8.180000
3365.577434	-9.280000
3365.589272	-10.880000
3365.601111	-12.680000
3365.612949	-14.080000
3365.624788	-16.180000
3365.636626	-17.780000
3365.648464	-20.180000
3365.660303	-22.280000
3365.672141	-24.480000
3365.683979	-25.780000
3365.695818	-27.680000
3365.707656	-30.080000
3365.719495	-31.880000
3365.731333	-33.780000
3365.743171	-35.680000
3365.755010	-36.980000
3365.766848	-39.380000
3365.778687	-40.180000
3365.790525	-42.880000
3365.802363	-44.180000
3365.814202	-46.280000
3365.826040	-47.380000
3365.837878	-49.780000
3365.849717	-51.380000
3365.861555	-53.280000
3365.873394	-55.080000
3365.885232	-57.280000
3365.897070	-59.380000
3365.908909	-61.280000
3365.920747	-63.080000
3365.932585	-64.680000
3365.944424	-66.080000
3365.956262	-67.080000
3365.968101	-69.480000
3365.979939	-71.380000
3365.991777	-72.680000
3366.003616	-74.080000
3366.015454	-75.680000
3366.027292	-77.280000
3366.039131	-78.880000
3366.050969	-81.480000
3366.062808	-82.580000
3366.074646	-84.180000
3366.086484	-85.480000
3366.098323	-87.680000
3366.110161	-88.980000
3366.122000	-91.380000
3366.133838	-92.680000
3366.145676	-95.080000
3366.157515	-96.180000
3366.169353	-98.080000
3366.181191	-98.580000
3366.193030	-100.480000
3366.204868	-101.280000
3366.216707	-102.280000
3366.228545	-103.880000
3366.240383	-105.480000
3366.252222	-107.080000
3366.264060	-108.480000
3366.275898	-110.580000
3366.287737	-111.680000
3366.299575	-112.480000
3366.311414	-113.780000
3366.323252	-115.380000
3366.335090	-117.480000
3366.346929	-118.280000
3366.358767	-119.680000
3366.370605	-120.980000
3366.382444	-122.280000
3366.394282	-123.880000
3366.406121	-125.280000
3366.417959	-126.580000
3366.429797	-127.680000
3366.441636	-129.780000
3366.453474	-130.880000
3366.465313	-132.180000
3366.477151	-133.780000
3366.488989	-134.880000
3366.500828	-135.380000
3366.512666	-135.880000
3366.524504	-136.980000
3366.536343	-137.780000
3366.548181	-139.380000
3366.560020	-140.480000
3366.571858	-140.980000
3366.583696	-142.580000
3366.595535	-143.380000
3366.607373	-144.180000
3366.619211	-145.280000
3366.631050	-146.580000
3366.642888	-147.380000
3366.654727	-148.180000
3366.666565	-148.980000
3366.678403	-150.280000
3366.690242	-151.080000
3366.702080	-152.180000
3366.713918	-152.980000
3366.725757	-153.780000
3366.737595	-154.580000
3366.749434	-155.380000
3366.761272	-157.280000
3366.773110	-158.280000
3366.784949	-159.080000
3366.796787	-160.480000
3366.808625	-161.780000
3366.820464	-162.280000
3366.832302	-163.080000
3366.844141	-163.680000
3366.855979	-164.180000
3366.867817	-164.680000
3366.879656	-165.280000
3366.891494	-165.480000
3366.903333	-166.580000
3366.915171	-167.680000
3366.927009	-168.480000
3366.938848	-169.780000
3366.950686	-170.280000
3366.962524	-170.880000
3366.974363	-170.580000
3366.986201	-171.380000
3366.998040	-172.480000
3367.009878	-173.280000
3367.021716	-173.280000
3367.033555	-174.280000
3367.045393	-174.580000
3367.057231	-175.080000
3367.069070	-175.680000
3367.080908	-176.180000
3367.092747	-176.480000
3367.104585	-176.980000
3367.116423	-176.980000
3367.128262	-178.280000
3367.140100	-179.080000
3367.151938	-179.080000
3367.163777	-179.080000
3367.175615	-179.880000
3367.187454	-180.480000
3367.199292	-180.980000
3367.211130	-181.480000
3367.222969	-181.780000
3367.234807	-182.280000
3367.246646	-182.080000
3367.258484	-182.580000
3367.270322	-183.080000
3367.282161	-183.380000
3367.293999	-183.680000
3367.305837	-183.680000
3367.317676	-183.680000
3367.329514	-184.480000
3367.341353	-184.480000
3367.353191	-185.280000
3367.365029	-184.980000
3367.376868	-185.280000
3367.388706	-185.480000
3367.400544	-186.080000
3367.412383	-185.780000
3367.424221	-186.280000
3367.436060	-186.580000
3367.447898	-186.280000
3367.459736	-186.880000
3367.471575	-186.280000
3367.483413	-186.280000
3367.495251	-186.880000
3367.507090	-187.380000
3367.518928	-187.380000
3367.530767	-187.880000
3367.542605	-188.180000
3367.554443	-187.880000
3367.566282	-187.680000
3367.578120	-187.080000
3367.589958	-187.380000
3367.601797	-187.680000
3367.613635	-188.180000
3367.625474	-188.180000
3367.637312	-188.180000
3367.649150	-188.180000
3367.660989	-188.680000
3367.672827	-188.180000
3367.684666	-187.880000
3367.696504	-187.880000
3367.708342	-187.680000
3367.720181	-187.680000
3367.732019	-187.880000
3367.743857	-187.680000
3367.755696	-187.380000
3367.767534	-187.380000
3367.779373	-187.080000
3367.791211	-187.080000
3367.803049	-187.080000
3367.814888	-187.080000
3367.826726	-187.380000
3367.838564	-187.380000
3367.850403	-187.380000
3367.862241	-186.580000
3367.874080	-186.280000
3367.885918	-186.280000
3367.897756	-186.880000
3367.909595	-186.280000
3367.921433	-186.080000
3367.933271	-186.080000
3367.945110	-185.780000
3367.956948	-185.780000
3367.968787	-185.780000
3367.980625	-185.780000
3367.992463	-184.680000
3368.004302	-184.980000
3368.016140	-184.480000
3368.027979	-184.180000
3368.039817	-183.880000
3368.051655	-184.180000
3368.063494	-183.680000
3368.075332	-183.080000
3368.087170	-183.380000
3368.099009	-182.880000
3368.110847	-182.880000
3368.122686	-182.580000
3368.134524	-181.780000
3368.146362	-181.480000
3368.158201	-181.280000
3368.170039	-181.480000
3368.181877	-180.480000
3368.193716	-179.680000
3368.205554	-180.180000
3368.217393	-179.880000
3368.229231	-179.880000
3368.241069	-179.080000
3368.252908	-179.380000
3368.264746	-179.380000
3368.276584	-178.880000
3368.288423	-178.080000
3368.300261	-178.080000
3368.312100	-177.280000
3368.323938	-176.680000
3368.335776	-175.680000
3368.347615	-176.180000
3368.359453	-175.880000
3368.371292	-175.680000
3368.383130	-174.880000
3368.394968	-174.280000
3368.406807	-174.080000
3368.418645	-174.280000
3368.430483	-173.780000
3368.442322	-173.280000
3368.454160	-172.980000
3368.465999	-172.680000
3368.477837	-172.480000
3368.489675	-171.380000
3368.501514	-171.080000
3368.513352	-170.880000
3368.525190	-170.080000
3368.537029	-169.480000
3368.548867	-169.480000
3368.560706	-169.780000
3368.572544	-169.480000
3368.584382	-168.680000
3368.596221	-168.180000
3368.608059	-167.680000
3368.619897	-167.380000
3368.631736	-167.080000
3368.643574	-166.880000
3368.655413	-165.780000
3368.667251	-165.480000
3368.679089	-165.480000
3368.690928	-164.680000
3368.702766	-164.680000
3368.714604	-164.480000
3368.726443	-164.480000
3368.738281	-163.880000
3368.750120	-163.880000
3368.761958	-162.880000
3368.773796	-162.080000
3368.785635	-161.480000
3368.797473	-160.480000
3368.809312	-160.680000
3368.821150	-160.180000
3368.832988	-159.880000
3368.844827	-159.380000
3368.856665	-158.580000
3368.868503	-158.580000
3368.880342	-158.280000
3368.892180	-158.280000
3368.904019	-158.280000
3368.915857	-158.080000
3368.927695	-157.780000
3368.939534	-156.980000
3368.951372	-156.480000
3368.963210	-155.380000
3368.975049	-155.380000
3368.986887	-154.580000
3368.998726	-154.080000
3369.010564	-153.780000
3369.022402	-153.280000
3369.034241	-153.280000
3369.046079	-152.180000
3369.057917	-151.680000
3369.069756	-151.380000
3369.081594	-151.080000
3369.093433	-150.880000
3369.105271	-150.580000
3369.117109	-149.780000
3369.128948	-149.280000
3369.140786	-149.480000
3369.152625	-149.280000
3369.164463	-148.680000
3369.176301	-147.880000
3369.188140	-147.380000
3369.199978	-147.080000
3369.211816	-146.880000
3369.223655	-146.080000
3369.235493	-145.780000
3369.247332	-145.280000
3369.259170	-145.480000
3369.271008	-145.280000
3369.282847	-144.980000
3369.294685	-144.180000
3369.306523	-143.680000
3369.318362	-143.380000
3369.330200	-143.080000
3369.342039	-142.580000
3369.353877	-142.580000
3369.365715	-141.780000
3369.377554	-140.980000
3369.389392	-140.680000
3369.401230	-140.480000
3369.413069	-140.180000
3369.424907	-139.680000
3369.436746	-139.080000
3369.448584	-139.380000
3369.460422	-138.580000
3369.472261	-138.280000
3369.484099	-137.780000
3369.495938	-136.980000
3369.507776	-136.680000
3369.519614	-136.480000
3369.531453	-136.180000
3369.543291	-135.880000
3369.555129	-136.180000
3369.566968	-135.680000
3369.578806	-135.680000
3369.590645	-135.080000
3369.602483	-134.580000
3369.614321	-133.780000
3369.626160	-133.780000
3369.637998	-133.480000
3369.649836	-133.280000
3369.661675	-132.480000
3369.673513	-132.180000
3369.685352	-131.680000
3369.697190	-131.380000
3369.709028	-131.380000
3369.720867	-130.880000
3369.732705	-130.580000
3369.744543	-130.580000
3369.756382	-129.780000
3369.768220	-128.980000
3369.780059	-128.980000
3369.791897	-128.680000
3369.803735	-128.680000
3369.815574	-129.280000
3369.827412	-128.180000
3369.839250	-128.480000
3369.851089	-127.880000
3369.862927	-127.680000
3369.874766	-127.080000
3369.886604	-126.580000
3369.898442	-126.280000
3369.910281	-126.080000
3369.922119	-125.480000
3369.933958	-125.480000
3369.945796	-125.280000
3369.957634	-124.980000
3369.969473	-124.680000
3369.981311	-124.480000
3369.993149	-124.480000
3370.004988	-123.880000
3370.016826	-123.680000
3370.028665	-123.080000
3370.040503	-123.080000
3370.052341	-123.380000
3370.064180	-122.280000
3370.076018	-122.280000
3370.087856	-122.080000
3370.099695	-122.080000
3370.111533	-121.780000
3370.123372	-121.780000
3370.135210	-121.780000
3370.147048	-121.280000
3370.158887	-120.980000
3370.170725	-120.480000
3370.182563	-120.180000
3370.194402	-120.180000
3370.206240	-119.880000
3370.218079	-119.880000
3370.229917	-119.680000
3370.241755	-119.080000
3370.253594	-118.880000
3370.265432	-118.580000
3370.277271	-118.080000
3370.289109	-118.080000
3370.300947	-117.780000
3370.312786	-117.280000
3370.324624	-117.480000
3370.336462	-116.980000
3370.348301	-116.680000
3370.360139	-116.480000
3370.371978	-116.480000
3370.383816	-115.880000
3370.395654	-115.680000
3370.407493	-115.080000
3370.419331	-115.380000
3370.431169	-115.080000
3370.443008	-115.080000
3370.454846	-114.580000
3370.466685	-115.080000
3370.478523	-115.380000
3370.490361	-114.580000
3370.502200	-114.880000
3370.514038	-114.580000
3370.525876	-114.080000
3370.537715	-113.780000
3370.549553	-114.080000
3370.561392	-114.280000
3370.573230	-113.780000
3370.585068	-113.280000
3370.596907	-112.980000
3370.608745	-113.480000
3370.620583	-112.680000
3370.632422	-112.980000
3370.644260	-112.680000
3370.656099	-112.480000
3370.667937	-112.680000
3370.679775	-112.180000
3370.691614	-111.680000
3370.703452	-111.680000
3370.715291	-111.880000
3370.727129	-110.880000
3370.738967	-110.580000
3370.750806	-110.580000
3370.762644	-110.280000
3370.774482	-108.980000
3370.786321	-109.480000
3370.798159	-110.080000
3370.809998	-110.280000
3370.821836	-109.780000
3370.833674	-109.280000
3370.845513	-108.980000
3370.857351	-109.280000
3370.869189	-109.280000
3370.881028	-108.680000
3370.892866	-108.680000
3370.904705	-108.680000
3370.916543	-108.680000
3370.928381	-108.680000
3370.940220	-108.180000
3370.952058	-108.480000
3370.963896	-108.480000
3370.975735	-107.680000
3370.987573	-107.380000
3370.999412	-106.880000
3371.011250	-106.280000
3371.023088	-106.280000
3371.034927	-106.080000
3371.046765	-105.780000
3371.058604	-105.780000
3371.070442	-105.480000
3371.082280	-105.280000
3371.094119	-105.280000
3371.105957	-105.480000
3371.117795	-105.480000
3371.129634	-105.480000
3371.141472	-104.980000
3371.153311	-105.280000
3371.165149	-104.680000
3371.176987	-103.880000
3371.188826	-104.480000
3371.200664	-104.480000
3371.212502	-104.180000
3371.224341	-104.180000
3371.236179	-104.480000
3371.248018	-104.480000
3371.259856	-104.480000
3371.271694	-103.880000
3371.283533	-103.880000
3371.295371	-104.180000
3371.307209	-103.880000
3371.319048	-103.680000
3371.330886	-103.080000
3371.342725	-102.880000
3371.354563	-102.580000
3371.366401	-103.080000
3371.378240	-102.580000
3371.390078	-102.280000
3371.401917	-102.580000
3371.413755	-102.080000
3371.425593	-101.480000
3371.437432	-101.780000
3371.449270	-101.780000
3371.461108	-101.280000
3371.472947	-101.480000
3371.484785	-100.980000
3371.496624	-100.680000
3371.508462	-100.180000
3371.520300	-100.180000
3371.532139	-100.180000
3371.543977	-99.880000
3371.555815	-99.380000
3371.567654	-99.380000
3371.579492	-99.080000
3371.591331	-98.880000
3371.603169	-98.280000
3371.615007	-98.280000
3371.626846	-98.580000
3371.638684	-98.280000
3371.650522	-97.480000
3371.662361	-97.480000
3371.674199	-97.480000
3371.686038	-97.780000
3371.697876	-97.780000
3371.709714	-97.780000
3371.721553	-97.480000
3371.733391	-96.980000
3371.745229	-96.980000
3371.757068	-96.980000
3371.768906	-96.480000
3371.780745	-96.480000
3371.792583	-96.480000
3371.804421	-96.680000
3371.816260	-96.480000
3371.828098	-96.180000
3371.839937	-95.380000
3371.851775	-95.080000
3371.863613	-94.580000
3371.875452	-94.580000
3371.887290	-94.280000
3371.899128	-94.280000
3371.910967	-94.280000
3371.922805	-93.780000
3371.934644	-94.080000
3371.946482	-93.480000
3371.958320	-92.980000
3371.970159	-93.280000
3371.981997	-93.480000
3371.993835	-92.980000
3372.005674	-92.480000
3372.017512	-92.180000
3372.029351	-91.880000
3372.041189	-91.680000
3372.053027	-91.380000
3372.064866	-91.080000
3372.076704	-91.380000
3372.088542	-91.680000
3372.100381	-91.680000
3372.112219	-90.880000
3372.124058	-90.580000
3372.135896	-90.880000
3372.147734	-90.880000
3372.159573	-91.080000
3372.171411	-90.880000
3372.183250	-90.580000
3372.195088	-90.080000
3372.206926	-90.080000
3372.218765	-89.780000
3372.230603	-89.480000
3372.242441	-88.980000
3372.254280	-89.280000
3372.266118	-88.680000
3372.277957	-88.680000
3372.289795	-88.180000
3372.301633	-88.480000
3372.313472	-87.880000
3372.325310	-87.680000
3372.337148	-87.380000
3372.348987	-86.880000
3372.360825	-87.380000
3372.372664	-87.080000
3372.384502	-86.880000
3372.396340	-86.880000
3372.408179	-86.580000
3372.420017	-86.080000
3372.431855	-86.280000
3372.443694	-86.080000
3372.455532	-86.080000
3372.467371	-85.780000
3372.479209	-85.480000
3372.491047	-85.780000
3372.502886	-84.980000
3372.514724	-84.680000
3372.526563	-83.880000
3372.538401	-83.880000
3372.550239	-83.680000
3372.562078	-83.880000
3372.573916	-83.880000
3372.585754	-83.680000
3372.597593	-83.380000
3372.609431	-82.880000
3372.621270	-82.580000
3372.633108	-82.580000
3372.644946	-81.780000
3372.656785	-81.280000
3372.668623	-81.480000
3372.680461	-82.080000
3372.692300	-82.080000
3372.704138	-81.780000
3372.715977	-81.280000
3372.727815	-80.980000
3372.739653	-80.980000
3372.751492	-80.680000
3372.763330	-80.180000
3372.775168	-80.180000
3372.787007	-79.680000
3372.798845	-79.380000
3372.810684	-79.080000
3372.822522	-78.580000
3372.834360	-78.280000
3372.846199	-78.280000
3372.858037	-78.280000
3372.869875	-78.280000
3372.881714	-78.080000
3372.893552	-78.580000
3372.905391	-78.080000
3372.917229	-77.780000
3372.929067	-77.780000
3372.940906	-77.480000
3372.952744	-77.280000
3372.964583	-76.980000
3372.976421	-76.480000
3372.988259	-75.680000
3373.000098	-75.380000
3373.011936	-75.680000
3373.023774	-75.680000
3373.035613	-75.380000
3373.047451	-74.580000
3373.059290	-74.880000
3373.071128	-75.080000
3373.082966	-74.880000
3373.094805	-74.280000
3373.106643	-74.080000
3373.118481	-74.080000
3373.130320	-73.780000
3373.142158	-73.480000
3373.153997	-73.280000
3373.165835	-72.680000
3373.177673	-72.680000
3373.189512	-72.680000
3373.201350	-72.680000
3373.213188	-72.180000
3373.225027	-71.680000
3373.236865	-71.380000
3373.248704	-70.880000
3373.260542	-71.080000
3373.272380	-70.880000
3373.284219	-70.880000
3373.296057	-70.580000
3373.307896	-70.280000
3373.319734	-69.780000
3373.331572	-69.480000
3373.343411	-69.480000
3373.355249	-69.480000
3373.367087	-69.480000
3373.378926	-69.480000
3373.390764	-69.480000
3373.402603	-68.680000
3373.414441	-68.480000
3373.426279	-68.180000
3373.438118	-67.380000
3373.449956	-67.680000
3373.461794	-67.680000
3373.473633	-67.680000
3373.485471	-67.080000
3373.497310	-67.380000
3373.509148	-66.880000
3373.520986	-66.280000
3373.532825	-66.280000
3373.544663	-66.280000
3373.556501	-66.080000
3373.568340	-66.280000
3373.580178	-65.480000
3373.592017	-65.280000
3373.603855	-65.280000
3373.615693	-65.480000
3373.627532	-64.980000
3373.639370	-64.680000
3373.651208	-64.680000
3373.663047	-63.880000
3373.674885	-63.880000
3373.686724	-63.680000
3373.698562	-63.880000
3373.710400	-63.680000
3373.722239	-63.680000
3373.734077	-63.380000
3373.745916	-63.080000
3373.757754	-63.080000
3373.769592	-63.080000
3373.781431	-62.580000
3373.793269	-62.880000
3373.805107	-62.580000
3373.816946	-62.880000
3373.828784	-62.280000
3373.840623	-61.480000
3373.852461	-60.980000
3373.864299	-60.480000
3373.876138	-60.480000
3373.887976	-60.180000
3373.899814	-60.480000
3373.911653	-60.180000
3373.923491	-59.880000
3373.935330	-59.680000
3373.947168	-59.680000
3373.959006	-59.080000
3373.970845	-59.380000
3373.982683	-58.580000
3373.994521	-58.580000
3374.006360	-58.880000
3374.018198	-58.080000
3374.030037	-58.580000
3374.041875	-57.780000
3374.053713	-58.280000
3374.065552	-58.080000
3374.077390	-57.480000
3374.089229	-56.980000
3374.101067	-56.980000
3374.112905	-57.280000
3374.124744	-57.280000
3374.136582	-57.280000
3374.148420	-56.680000
3374.160259	-56.480000
3374.172097	-56.680000
3374.183936	-56.680000
3374.195774	-56.180000
3374.207612	-55.880000
3374.219451	-56.180000
3374.231289	-55.880000
3374.243127	-55.680000
3374.254966	-55.380000
3374.266804	-55.080000
3374.278643	-54.880000
3374.290481	-54.580000
3374.302319	-54.280000
3374.314158	-54.280000
3374.325996	-53.780000
3374.337834	-53.780000
3374.349673	-53.280000
3374.361511	-52.680000
3374.373350	-52.680000
3374.385188	-52.980000
3374.397026	-53.280000
3374.408865	-52.980000
3374.420703	-52.180000
3374.432542	-52.480000
3374.444380	-52.180000
3374.456218	-51.880000
3374.468057	-52.180000
3374.479895	-51.380000
3374.491733	-51.080000
3374.503572	-51.880000
3374.515410	-51.880000
3374.527249	-51.680000
3374.539087	-51.080000
3374.550925	-51.080000
3374.562764	-50.880000
3374.574602	-51.080000
3374.586440	-50.280000
3374.598279	-49.780000
3374.610117	-49.480000
3374.621956	-49.480000
3374.633794	-49.480000
3374.645632	-49.280000
3374.657471	-49.480000
3374.669309	-49.280000
3374.681147	-48.680000
3374.692986	-48.480000
3374.704824	-49.280000
3374.716663	-48.980000
3374.728501	-48.980000
3374.740339	-48.680000
3374.752178	-48.680000
3374.764016	-48.180000
3374.775854	-47.880000
3374.787693	-48.180000
3374.799531	-47.880000
3374.811370	-47.880000
3374.823208	-47.880000
3374.835046	-47.680000
3374.846885	-47.680000
3374.858723	-47.680000
3374.870562	-46.280000
3374.882400	-46.080000
3374.894238	-46.280000
3374.906077	-46.280000
3374.917915	-46.080000
3374.929753	-45.280000
3374.941592	-45.280000
3374.953430	-45.280000
3374.965269	-45.480000
3374.977107	-45.480000
3374.988945	-45.780000
3375.000784	-45.480000
3375.012622	-45.280000
3375.024460	-44.980000
3375.036299	-44.480000
3375.048137	-43.880000
3375.059976	-43.680000
3375.071814	-43.880000
3375.083652	-44.480000
3375.095491	-43.880000
3375.107329	-44.180000
3375.119167	-44.480000
3375.131006	-43.380000
3375.142844	-42.880000
3375.154683	-43.080000
3375.166521	-43.080000
3375.178359	-43.380000
3375.190198	-43.080000
3375.202036	-43.080000
3375.213875	-42.880000
3375.225713	-42.580000
3375.237551	-42.880000
3375.249390	-43.380000
3375.261228	-42.880000
3375.273066	-42.080000
3375.284905	-42.080000
3375.296743	-42.080000
3375.308582	-41.780000
3375.320420	-41.280000
3375.332258	-40.980000
3375.344097	-40.980000
3375.355935	-41.280000
3375.367773	-41.480000
3375.379612	-40.980000
3375.391450	-41.780000
3375.403289	-40.980000
3375.415127	-40.680000
3375.426965	-40.680000
3375.438804	-40.180000
3375.450642	-40.180000
3375.462480	-39.880000
3375.474319	-40.180000
3375.486157	-40.180000
3375.497996	-40.180000
3375.509834	-39.380000
3375.521672	-39.680000
3375.533511	-39.380000
3375.545349	-39.380000
3375.557188	-39.380000
3375.569026	-38.880000
3375.580864	-38.880000
3375.592703	-38.880000
3375.604541	-38.880000
3375.616379	-38.580000
3375.628218	-38.580000
3375.640056	-38.580000
3375.651895	-38.580000
3375.663733	-38.880000
3375.675571	-38.280000
3375.687410	-38.280000
3375.699248	-37.480000
3375.711086	-37.480000
3375.722925	-37.780000
3375.734763	-37.280000
3375.746602	-37.280000
3375.758440	-37.480000
3375.770278	-37.780000
3375.782117	-36.980000
3375.793955	-36.980000
3375.805793	-37.280000
3375.817632	-37.280000
3375.829470	-36.680000
3375.841309	-36.680000
3375.853147	-36.480000
3375.864985	-36.480000
3375.876824	-36.480000
3375.888662	-36.180000
3375.900500	-35.880000
3375.912339	-36.680000
3375.924177	-36.680000
3375.936016	-36.180000
3375.947854	-35.880000
3375.959692	-35.680000
3375.971531	-35.680000
3375.983369	-35.380000
3375.995208	-35.080000
3376.007046	-35.080000
3376.018884	-35.080000
3376.030723	-35.080000
3376.042561	-34.580000
3376.054399	-34.580000
3376.066238	-34.280000
3376.078076	-34.580000
3376.089915	-34.580000
3376.101753	-34.580000
3376.113591	-34.580000
3376.125430	-34.580000
3376.137268	-35.080000
3376.149106	-34.880000
3376.160945	-34.580000
3376.172783	-34.280000
3376.184622	-34.280000
3376.196460	-33.780000
3376.208298	-33.480000
3376.220137	-33.280000
3376.231975	-33.280000
3376.243813	-33.480000
3376.255652	-33.280000
3376.267490	-32.980000
3376.279329	-33.280000
3376.291167	-32.980000
3376.303005	-33.480000
3376.314844	-32.980000
3376.326682	-32.980000
3376.338521	-34.080000
3376.350359	-33.780000
3376.362197	-33.780000
3376.374036	-32.980000
3376.385874	-32.980000
3376.397712	-32.980000
3376.409551	-32.680000
3376.421389	-32.480000
3376.433228	-32.480000
3376.445066	-32.180000
3376.456904	-31.680000
3376.468743	-31.680000
3376.480581	-31.680000
3376.492419	-31.380000
3376.504258	-31.880000
3376.516096	-32.180000
3376.527935	-31.880000
3376.539773	-31.880000
3376.551611	-31.880000
3376.563450	-31.880000
3376.575288	-31.680000
3376.587126	-31.680000
3376.598965	-31.080000
3376.610803	-31.080000
3376.622642	-30.880000
3376.634480	-30.880000
3376.646318	-30.880000
3376.658157	-30.880000
3376.669995	-31.080000
3376.681833	-30.880000
3376.693672	-30.280000
3376.705510	-30.280000
3376.717349	-30.880000
3376.729187	-30.280000
3376.741025	-30.080000
3376.752864	-30.280000
3376.764702	-30.080000
3376.776541	-30.280000
3376.788379	-29.780000
3376.800217	-30.080000
3376.812056	-29.780000
3376.823894	-30.280000
3376.835732	-30.080000
3376.847571	-30.080000
3376.859409	-29.780000
3376.871248	-30.080000
3376.883086	-29.780000
3376.894924	-30.080000
3376.906763	-29.480000
3376.918601	-29.480000
3376.930439	-28.980000
3376.942278	-28.980000
3376.954116	-28.980000
3376.965955	-29.280000
3376.977793	-29.280000
3376.989631	-28.980000
3377.001470	-29.280000
3377.013308	-28.980000
3377.025146	-29.480000
3377.036985	-28.680000
3377.048823	-28.480000
3377.060662	-28.680000
3377.072500	-28.680000
3377.084338	-28.680000
3377.096177	-28.680000
3377.108015	-28.180000
3377.119854	-27.680000
3377.131692	-27.880000
3377.143530	-28.180000
3377.155369	-28.480000
3377.167207	-28.180000
3377.179045	-28.180000
3377.190884	-27.880000
3377.202722	-28.180000
3377.214561	-28.180000
3377.226399	-27.880000
3377.238237	-27.880000
3377.250076	-27.680000
3377.261914	-27.880000
3377.273752	-27.680000
3377.285591	-27.380000
3377.297429	-26.880000
3377.309268	-26.880000
3377.321106	-27.080000
3377.332944	-27.380000
3377.344783	-27.080000
3377.356621	-26.580000
3377.368459	-26.880000
3377.380298	-27.080000
3377.392136	-26.880000
3377.403975	-26.880000
3377.415813	-26.580000
3377.427651	-26.280000
3377.439490	-26.280000
3377.451328	-26.880000
3377.463167	-27.080000
3377.475005	-26.880000
3377.486843	-26.880000
3377.498682	-27.080000
3377.510520	-26.280000
3377.522358	-26.080000
3377.534197	-25.780000
3377.546035	-26.080000
3377.557874	-26.580000
3377.569712	-26.080000
3377.581550	-26.280000
3377.593389	-26.880000
3377.605227	-26.280000
3377.617065	-26.280000
3377.628904	-26.080000
3377.640742	-26.580000
3377.652581	-26.080000
3377.664419	-26.080000
3377.676257	-25.780000
3377.688096	-25.780000
3377.699934	-26.080000
3377.711772	-25.780000
3377.723611	-25.280000
3377.735449	-25.280000
3377.747288	-25.480000
3377.759126	-25.780000
3377.770964	-25.480000
3377.782803	-25.780000
3377.794641	-25.480000
3377.806479	-25.480000
3377.818318	-24.980000
3377.830156	-24.980000
3377.841995	-24.680000
3377.853833	-24.980000
3377.865671	-24.680000
3377.877510	-24.680000
3377.889348	-25.280000
3377.901187	-24.980000
3377.913025	-24.680000
3377.924863	-24.480000
3377.936702	-24.680000
3377.948540	-24.680000
3377.960378	-24.480000
3377.972217	-24.480000
3377.984055	-24.480000
3377.995894	-24.480000
3378.007732	-24.680000
3378.019570	-24.680000
3378.031409	-24.480000
3378.043247	-24.680000
3378.055085	-24.980000
3378.066924	-24.480000
3378.078762	-23.880000
3378.090601	-24.180000
3378.102439	-23.880000
3378.114277	-23.880000
3378.126116	-24.180000
3378.137954	-23.680000
3378.149792	-24.480000
3378.161631	-24.180000
3378.173469	-24.180000
3378.185308	-24.480000
3378.197146	-24.480000
3378.208984	-24.180000
3378.220823	-24.180000
3378.232661	-24.180000
3378.244500	-23.880000
3378.256338	-23.880000
3378.268176	-23.880000
3378.280015	-23.880000
3378.291853	-23.880000
3378.303691	-24.180000
3378.315530	-23.680000
3378.327368	-23.880000
3378.339207	-23.380000
3378.351045	-23.380000
3378.362883	-23.680000
3378.374722	-23.080000
3378.386560	-23.080000
3378.398398	-23.080000
3378.410237	-23.880000
3378.422075	-23.680000
3378.433914	-23.080000
3378.445752	-23.080000
3378.457590	-22.880000
3378.469429	-23.080000
3378.481267	-23.080000
3378.493105	-22.880000
3378.504944	-23.080000
3378.516782	-23.080000
3378.528621	-23.080000
3378.540459	-23.380000
3378.552297	-23.080000
3378.564136	-22.880000
3378.575974	-22.580000
3378.587813	-22.580000
3378.599651	-22.580000
3378.611489	-22.880000
3378.623328	-22.880000
3378.635166	-22.280000
3378.647004	-22.080000
3378.658843	-22.280000
3378.670681	-22.880000
3378.682520	-22.080000
3378.694358	-22.080000
3378.706196	-22.080000
3378.718035	-22.580000
3378.729873	-22.280000
3378.741711	-22.580000
3378.753550	-22.580000
3378.765388	-22.580000
3378.777227	-22.580000
3378.789065	-22.280000
3378.800903	-22.580000
3378.812742	-22.880000
3378.824580	-22.580000
3378.836418	-22.580000
3378.848257	-21.780000
3378.860095	-21.780000
3378.871934	-21.280000
3378.883772	-20.680000
3378.895610	-21.780000
3378.907449	-22.080000
3378.919287	-22.280000
3378.931125	-22.280000
3378.942964	-22.280000
3378.954802	-22.280000
3378.966641	-22.880000
3378.978479	-22.280000
3378.990317	-22.280000
3379.002156	-22.580000
3379.013994	-22.580000
3379.025833	-22.280000
3379.037671	-22.080000
3379.049509	-21.480000
3379.061348	-22.280000
3379.073186	-21.480000
3379.085024	-21.480000
3379.096863	-21.280000
3379.108701	-21.280000
3379.120540	-21.480000
3379.132378	-21.780000
3379.144216	-22.080000
3379.156055	-22.080000
3379.167893	-22.280000
3379.179731	-21.480000
3379.191570	-21.780000
3379.203408	-20.980000
3379.215247	-21.280000
3379.227085	-21.480000
3379.238923	-21.480000
3379.250762	-21.280000
3379.262600	-21.280000
3379.274438	-21.480000
3379.286277	-22.080000
3379.298115	-21.280000
3379.309954	-20.680000
3379.321792	-20.680000
3379.333630	-20.980000
3379.345469	-20.980000
3379.357307	-21.280000
3379.369146	-21.280000
3379.380984	-20.980000
3379.392822	-21.280000
3379.404661	-20.980000
3379.416499	-20.680000
3379.428337	-20.980000
3379.440176	-21.280000
3379.452014	-20.680000
3379.463853	-20.680000
3379.475691	-19.880000
3379.487529	-20.180000
3379.499368	-20.480000
3379.511206	-20.480000
3379.523044	-20.480000
3379.534883	-20.680000
3379.546721	-20.680000
3379.558560	-20.480000
3379.570398	-20.680000
3379.582236	-20.680000
3379.594075	-20.980000
3379.605913	-20.680000
3379.617751	-20.480000
3379.629590	-20.180000
3379.641428	-19.880000
3379.653267	-19.880000
3379.665105	-19.680000
3379.676943	-20.180000
3379.688782	-20.180000
3379.700620	-20.180000
3379.712458	-20.680000
3379.724297	-20.480000
3379.736135	-20.480000
3379.747974	-20.180000
3379.759812	-19.680000
3379.771650	-19.680000
3379.783489	-19.880000
3379.795327	-20.180000
3379.807166	-20.180000
3379.819004	-20.480000
3379.830842	-20.180000
3379.842681	-20.480000
3379.854519	-20.480000
3379.866357	-20.680000
3379.878196	-19.880000
3379.890034	-19.880000
3379.901873	-20.180000
3379.913711	-19.880000
3379.925549	-19.680000
3379.937388	-19.680000
3379.949226	-20.180000
3379.961064	-20.180000
3379.972903	-20.180000
3379.984741	-19.880000
3379.996580	-19.880000
3380.008418	-19.680000
3380.020256	-19.680000
3380.032095	-19.680000
3380.043933	-19.680000
3380.055771	-19.880000
3380.067610	-19.880000
3380.079448	-19.680000
3380.091287	-19.380000
3380.103125	-19.880000
3380.114963	-19.880000
3380.126802	-19.680000
3380.138640	-19.680000
3380.150479	-19.380000
3380.162317	-19.080000
3380.174155	-19.080000
3380.185994	-19.680000
3380.197832	-19.680000
3380.209670	-18.580000
3380.221509	-18.580000
3380.233347	-18.880000
3380.245186	-18.880000
3380.257024	-19.380000
3380.268862	-18.880000
3380.280701	-19.080000
3380.292539	-19.680000
3380.304377	-19.380000
3380.316216	-19.080000
3380.328054	-19.680000
3380.339893	-19.080000
3380.351731	-19.380000
3380.363569	-19.080000
3380.375408	-18.880000
3380.387246	-19.380000
3380.399084	-19.880000
3380.410923	-19.680000
3380.422761	-19.880000
3380.434600	-19.880000
3380.446438	-19.880000
3380.458276	-19.380000
3380.470115	-18.880000
3380.481953	-18.580000
3380.493792	-18.580000
3380.505630	-18.880000
3380.517468	-19.080000
3380.529307	-19.080000
3380.541145	-19.080000
3380.552983	-18.880000
3380.564822	-18.580000
3380.576660	-19.080000
3380.588499	-18.880000
3380.600337	-19.080000
3380.612175	-19.380000
3380.624014	-18.880000
3380.635852	-19.680000
3380.647690	-19.080000
3380.659529	-19.080000
3380.671367	-18.580000
3380.683206	-19.080000
3380.695044	-19.080000
3380.706882	-18.580000
3380.718721	-18.280000
3380.730559	-19.080000
3380.742397	-19.680000
3380.754236	-18.880000
3380.766074	-18.580000
3380.777913	-18.280000
3380.789751	-18.280000
3380.801589	-18.580000
3380.813428	-18.880000
3380.825266	-18.280000
3380.837104	-18.080000
3380.848943	-18.280000
3380.860781	-18.280000
3380.872620	-18.280000
3380.884458	-17.780000
3380.896296	-18.080000
3380.908135	-18.580000
3380.919973	-19.380000
3380.931812	-19.080000
3380.943650	-19.080000
3380.955488	-18.580000
3380.967327	-18.080000
3380.979165	-18.080000
3380.991003	-18.580000
3381.002842	-18.280000
3381.014680	-18.080000
3381.026519	-18.580000
3381.038357	-18.280000
3381.050195	-18.280000
3381.062034	-18.080000
3381.073872	-18.580000
3381.085710	-18.280000
3381.097549	-17.780000
3381.109387	-18.080000
3381.121226	-18.580000
3381.133064	-18.880000
3381.144902	-18.580000
3381.156741	-17.480000
3381.168579	-18.080000
3381.180417	-18.080000
3381.192256	-18.880000
3381.204094	-18.580000
3381.215933	-18.880000
3381.227771	-18.880000
3381.239609	-18.280000
3381.251448	-18.280000
3381.263286	-18.080000
3381.275125	-17.480000
3381.286963	-17.280000
3381.298801	-17.780000
3381.310640	-17.280000
3381.322478	-18.080000
3381.334316	-17.780000
3381.346155	-17.480000
3381.357993	-17.480000
3381.369832	-17.780000
3381.381670	-17.780000
3381.393508	-18.080000
3381.405347	-18.080000
3381.417185	-18.080000
3381.429023	-18.080000
3381.440862	-18.280000
3381.452700	-18.080000
3381.464539	-18.080000
3381.476377	-18.580000
3381.488215	-18.280000
3381.500054	-18.580000
3381.511892	-18.080000
3381.523730	-18.280000
3381.535569	-18.280000
3381.547407	-17.780000
3381.559246	-17.480000
3381.571084	-17.780000
3381.582922	-17.480000
3381.594761	-16.980000
3381.606599	-17.280000
3381.618438	-17.480000
3381.630276	-18.080000
3381.642114	-18.080000
3381.653953	-17.780000
3381.665791	-17.480000
3381.677629	-17.480000
3381.689468	-17.780000
3381.701306	-18.280000
3381.713145	-17.780000
3381.724983	-17.480000
3381.736821	-17.280000
3381.748660	-17.280000
3381.760498	-17.780000
3381.772336	-17.280000
3381.784175	-17.480000
3381.796013	-17.480000
3381.807852	-17.780000
3381.819690	-17.480000
3381.831528	-17.480000
3381.843367	-16.980000
3381.855205	-16.680000
3381.867043	-16.680000
3381.878882	-16.980000
3381.890720	-16.680000
3381.902559	-16.980000
3381.914397	-17.280000
3381.926235	-17.480000
3381.938074	-18.080000
3381.949912	-17.780000
3381.961750	-17.280000
3381.973589	-16.680000
3381.985427	-17.280000
3381.997266	-17.480000
3382.009104	-17.480000
3382.020942	-17.780000
3382.032781	-18.080000
3382.044619	-17.480000
3382.056458	-17.280000
3382.068296	-16.980000
3382.080134	-16.680000
3382.091973	-16.980000
3382.103811	-17.280000
3382.115649	-17.480000
3382.127488	-17.280000
3382.139326	-17.280000
3382.151165	-17.280000
3382.163003	-16.980000
3382.174841	-17.480000
3382.186680	-17.480000
3382.198518	-17.280000
3382.210356	-16.980000
3382.222195	-17.280000
3382.234033	-17.280000
3382.245872	-17.280000
3382.257710	-17.280000
3382.269548	-17.280000
3382.281387	-17.280000
3382.293225	-16.980000
3382.305063	-17.780000
3382.316902	-17.780000
3382.328740	-17.780000
3382.340579	-17.280000
3382.352417	-16.980000
3382.364255	-17.280000
3382.376094	-16.980000
3382.387932	-17.280000
3382.399771	-16.680000
3382.411609	-16.680000
3382.423447	-16.680000
3382.435286	-16.480000
3382.447124	-16.180000
3382.458962	-16.480000
3382.470801	-16.480000
3382.482639	-17.280000
3382.494478	-16.980000
3382.506316	-17.280000
3382.518154	-16.980000
3382.529993	-16.680000
3382.541831	-16.180000
3382.553669	-16.480000
3382.565508	-16.980000
3382.577346	-17.780000
3382.589185	-17.780000
3382.601023	-17.780000
3382.612861	-17.280000
3382.624700	-17.280000
3382.636538	-16.980000
3382.648376	-17.280000
3382.660215	-17.480000
3382.672053	-16.980000
3382.683892	-17.280000
3382.695730	-16.980000
3382.707568	-16.680000
3382.719407	-16.680000
3382.731245	-16.680000
3382.743083	-16.980000
3382.754922	-16.980000
3382.766760	-16.980000
3382.778599	-17.280000
3382.790437	-17.280000
3382.802275	-16.980000
3382.814114	-15.880000
3382.825952	-15.880000
3382.837791	-16.180000
3382.849629	-16.180000
3382.861467	-16.680000
3382.873306	-16.980000
3382.885144	-16.480000
3382.896982	-16.680000
3382.908821	-16.680000
3382.920659	-16.480000
3382.932498	-15.880000
3382.944336	-15.680000
3382.956174	-15.880000
3382.968013	-16.480000
3382.979851	-16.680000
3382.991689	-16.680000
3383.003528	-16.680000
3383.015366	-16.680000
3383.027205	-16.480000
3383.039043	-16.680000
3383.050881	-16.680000
3383.062720	-16.480000
3383.074558	-16.180000
3383.086396	-15.880000
3383.098235	-15.880000
3383.110073	-16.180000
3383.121912	-16.480000
3383.133750	-16.480000
3383.145588	-16.480000
3383.157427	-16.480000
3383.169265	-16.680000
3383.181104	-17.280000
3383.192942	-16.180000
3383.204780	-16.480000
3383.216619	-16.480000
3383.228457	-16.980000
3383.240295	-16.680000
3383.252134	-16.980000
3383.263972	-16.980000
3383.275811	-16.680000
3383.287649	-16.480000
3383.299487	-16.480000
3383.311326	-16.180000
3383.323164	-16.480000
3383.335002	-16.180000
3383.346841	-16.180000
3383.358679	-16.180000
3383.370518	-16.180000
3383.382356	-15.880000
3383.394194	-16.180000
3383.406033	-16.180000
3383.417871	-15.680000
3383.429709	-15.680000
3383.441548	-15.880000
3383.453386	-15.880000
3383.465225	-16.180000
3383.477063	-16.180000
3383.488901	-16.180000
3383.500740	-16.480000
3383.512578	-16.480000
3383.524417	-16.180000
3383.536255	-15.680000
3383.548093	-16.180000
3383.559932	-16.180000
3383.571770	-16.180000
3383.583608	-16.180000
3383.595447	-16.180000
3383.607285	-15.880000
3383.619124	-16.180000
3383.630962	-15.680000
3383.642800	-15.680000
3383.654639	-15.880000
3383.666477	-16.180000
3383.678315	-16.180000
3383.690154	-16.180000
3383.701992	-15.880000
3383.713831	-16.180000
3383.725669	-16.180000
3383.737507	-15.880000
3383.749346	-15.880000
3383.761184	-16.180000
3383.773022	-15.880000
3383.784861	-15.880000
3383.796699	-16.180000
3383.808538	-16.180000
3383.820376	-16.480000
3383.832214	-15.880000
3383.844053	-15.680000
3383.855891	-15.380000
3383.867729	-15.080000
3383.879568	-15.880000
3383.891406	-15.880000
3383.903245	-16.180000
3383.915083	-16.180000
3383.926921	-15.680000
3383.938760	-15.380000
3383.950598	-15.880000
3383.962437	-15.380000
3383.974275	-15.680000
3383.986113	-15.880000
3383.997952	-16.180000
3384.009790	-16.480000
3384.021628	-16.180000
3384.033467	-16.180000
3384.045305	-15.880000
3384.057144	-15.880000
3384.068982	-15.880000
3384.080820	-15.880000
3384.092659	-15.880000
3384.104497	-15.680000
3384.116335	-15.080000
3384.128174	-15.680000
3384.140012	-15.680000
3384.151851	-15.680000
3384.163689	-15.680000
3384.175527	-15.680000
3384.187366	-15.380000
3384.199204	-15.380000
3384.211042	-15.380000
3384.222881	-15.880000
3384.234719	-16.180000
3384.246558	-16.180000
3384.258396	-15.680000
3384.270234	-15.080000
3384.282073	-15.080000
3384.293911	-15.380000
3384.305750	-15.680000
3384.317588	-15.880000
3384.329426	-15.680000
3384.341265	-15.680000
3384.353103	-16.180000
3384.364941	-16.180000
3384.376780	-15.380000
3384.388618	-15.680000
3384.400457	-15.380000
3384.412295	-14.880000
3384.424133	-15.080000
3384.435972	-15.380000
3384.447810	-15.380000
3384.459648	-15.680000
3384.471487	-15.680000
3384.483325	-15.680000
3384.495164	-15.680000
3384.507002	-15.380000
3384.518840	-15.680000
3384.530679	-15.680000
3384.542517	-16.180000
3384.554355	-15.680000
3384.566194	-15.680000
3384.578032	-15.380000
3384.589871	-15.080000
3384.601709	-14.880000
3384.613547	-15.080000
3384.625386	-14.880000
3384.637224	-15.680000
3384.649063	-15.380000
3384.660901	-15.380000
3384.672739	-15.380000
3384.684578	-15.080000
3384.696416	-15.680000
3384.708254	-15.380000
3384.720093	-15.880000
3384.731931	-15.380000
3384.743770	-15.880000
3384.755608	-15.080000
3384.767446	-15.080000
3384.779285	-15.380000
3384.791123	-15.880000
3384.802961	-15.880000
3384.814800	-15.380000
3384.826638	-15.680000
3384.838477	-15.680000
3384.850315	-15.080000
3384.862153	-14.880000
3384.873992	-14.880000
3384.885830	-14.580000
3384.897668	-14.880000
3384.909507	-14.880000
3384.921345	-14.580000
3384.933184	-14.580000
3384.945022	-14.880000
3384.956860	-15.380000
3384.968699	-15.080000
3384.980537	-14.880000
3384.992375	-14.880000
3385.004214	-14.880000
3385.016052	-15.080000
3385.027891	-15.680000
3385.039729	-15.380000
3385.051567	-15.380000
3385.063406	-15.680000
3385.075244	-15.680000
3385.087083	-15.680000
3385.098921	-15.680000
3385.110759	-15.380000
3385.122598	-15.080000
3385.134436	-15.380000
3385.146274	-14.880000
3385.158113	-15.380000
3385.169951	-15.680000
3385.181790	-15.680000
3385.193628	-15.080000
3385.205466	-14.880000
3385.217305	-15.080000
3385.229143	-15.380000
3385.240981	-15.380000
3385.252820	-15.380000
3385.264658	-15.380000
3385.276497	-15.080000
3385.288335	-15.880000
3385.300173	-15.880000
3385.312012	-15.880000
3385.323850	-15.680000
3385.335688	-15.080000
3385.347527	-15.080000
3385.359365	-15.080000
3385.371204	-15.380000
3385.383042	-14.880000
3385.394880	-14.580000
3385.406719	-14.580000
3385.418557	-14.880000
3385.430396	-14.880000
3385.442234	-14.880000
3385.454072	-14.280000
3385.465911	-14.280000
3385.477749	-14.580000
3385.489587	-14.580000
3385.501426	-14.580000
3385.513264	-15.080000
3385.525103	-14.580000
3385.536941	-14.580000
3385.548779	-14.580000
3385.560618	-14.880000
3385.572456	-14.580000
3385.584294	-14.880000
3385.596133	-14.580000
3385.607971	-15.080000
3385.619810	-14.880000
3385.631648	-15.080000
3385.643486	-15.380000
3385.655325	-15.380000
3385.667163	-15.680000
3385.679001	-15.380000
3385.690840	-15.080000
3385.702678	-15.080000
3385.714517	-15.080000
3385.726355	-15.380000
3385.738193	-14.880000
3385.750032	-14.880000
3385.761870	-15.080000
3385.773708	-14.880000
3385.785547	-14.880000
3385.797385	-15.080000
3385.809224	-15.080000
3385.821062	-14.280000
3385.832900	-14.880000
3385.844739	-14.580000
3385.856577	-14.280000
3385.868416	-14.080000
3385.880254	-14.280000
3385.892092	-14.080000
3385.903931	-14.080000
3385.915769	-14.580000
3385.927607	-14.880000
3385.939446	-14.580000
3385.951284	-14.880000
3385.963123	-14.880000
3385.974961	-14.280000
3385.986799	-14.880000
3385.998638	-14.880000
3386.010476	-15.080000
3386.022314	-15.080000
3386.034153	-14.280000
3386.045991	-14.280000
3386.057830	-14.580000
3386.069668	-14.580000
3386.081506	-14.280000
3386.093345	-14.580000
3386.105183	-14.580000
3386.117021	-14.880000
3386.128860	-14.280000
3386.140698	-14.580000
3386.152537	-15.080000
3386.164375	-14.880000
3386.176213	-14.280000
3386.188052	-14.280000
3386.199890	-14.880000
3386.211729	-14.880000
3386.223567	-14.580000
3386.235405	-14.080000
3386.247244	-14.080000
3386.259082	-14.080000
3386.270920	-14.280000
3386.282759	-14.280000
3386.294597	-14.080000
3386.306436	-14.880000
3386.318274	-14.880000
3386.330112	-15.080000
3386.341951	-14.580000
3386.353789	-14.880000
3386.365627	-14.580000
3386.377466	-14.280000
3386.389304	-14.880000
3386.401143	-14.880000
3386.412981	-14.280000
3386.424819	-14.580000
3386.436658	-13.780000
3386.448496	-14.080000
3386.460334	-14.080000
3386.472173	-14.580000
3386.484011	-14.280000
3386.495850	-14.580000
3386.507688	-14.880000
3386.519526	-14.580000
3386.531365	-14.880000
3386.543203	-14.880000
3386.555042	-14.280000
3386.566880	-14.080000
3386.578718	-14.080000
3386.590557	-14.580000
3386.602395	-14.880000
3386.614233	-14.280000
3386.626072	-14.280000
3386.637910	-13.780000
3386.649749	-13.780000
3386.661587	-13.480000
3386.673425	-13.780000
3386.685264	-14.280000
3386.697102	-14.280000
3386.708940	-14.080000
3386.720779	-14.880000
3386.732617	-14.880000
3386.744456	-14.880000
3386.756294	-14.280000
3386.768132	-14.580000
3386.779971	-14.880000
3386.791809	-14.880000
3386.803647	-15.080000
3386.815486	-15.380000
3386.827324	-15.380000
3386.839163	-14.880000
3386.851001	-14.580000
3386.862839	-14.280000
3386.874678	-14.080000
3386.886516	-14.280000
3386.898354	-14.880000
3386.910193	-13.780000
3386.922031	-14.080000
3386.933870	-14.080000
3386.945708	-13.780000
3386.957546	-13.480000
3386.969385	-13.780000
3386.981223	-14.080000
3386.993062	-14.080000
3387.004900	-14.280000
3387.016738	-14.080000
3387.028577	-14.580000
3387.040415	-13.780000
3387.052253	-13.780000
3387.064092	-14.080000
3387.075930	-14.080000
3387.087769	-14.080000
3387.099607	-14.080000
3387.111445	-14.280000
3387.123284	-13.780000
3387.135122	-14.280000
3387.146960	-14.580000
3387.158799	-14.580000
3387.170637	-14.580000
3387.182476	-14.580000
3387.194314	-14.280000
3387.206152	-14.080000
3387.217991	-14.280000
3387.229829	-14.880000
3387.241667	-14.580000
3387.253506	-14.280000
3387.265344	-14.580000
3387.277183	-14.580000
3387.289021	-14.280000
3387.300859	-14.580000
3387.312698	-14.280000
3387.324536	-14.080000
3387.336375	-13.780000
3387.348213	-14.580000
3387.360051	-14.280000
3387.371890	-14.580000
3387.383728	-14.280000
3387.395566	-14.580000
3387.407405	-14.580000
3387.419243	-14.580000
3387.431082	-14.080000
3387.442920	-14.080000
3387.454758	-13.780000
3387.466597	-14.080000
3387.478435	-14.280000
3387.490273	-14.880000
3387.502112	-14.580000
3387.513950	-14.880000
3387.525789	-14.580000
3387.537627	-14.080000
3387.549465	-14.080000
3387.561304	-14.580000
3387.573142	-14.280000
3387.584980	-14.580000
3387.596819	-14.580000
3387.608657	-14.280000
3387.620496	-14.080000
3387.632334	-14.280000
3387.644172	-14.280000
3387.656011	-14.280000
3387.667849	-14.280000
3387.679688	-14.580000
3387.691526	-14.580000
3387.703364	-13.780000
3387.715203	-14.080000
3387.727041	-14.280000
3387.738879	-14.580000
3387.750718	-14.880000
3387.762556	-14.580000
3387.774395	-14.280000
3387.786233	-14.280000
3387.798071	-13.780000
3387.809910	-14.280000
3387.821748	-14.080000
3387.833586	-14.280000
3387.845425	-14.280000
3387.857263	-14.580000
3387.869102	-14.280000
3387.880940	-14.280000
3387.892778	-14.080000
3387.904617	-14.080000
3387.916455	-14.280000
3387.928293	-13.480000
3387.940132	-13.780000
3387.951970	-13.780000
3387.963809	-14.280000
3387.975647	-14.080000
3387.987485	-14.080000
3387.999324	-14.080000
3388.011162	-14.280000
3388.023000	-14.080000
3388.034839	-14.280000
3388.046677	-14.280000
3388.058516	-14.580000
3388.070354	-14.280000
3388.082192	-14.580000
3388.094031	-14.280000
3388.105869	-14.080000
3388.117708	-14.280000
3388.129546	-14.080000
3388.141384	-14.080000
3388.153223	-13.480000
3388.165061	-13.780000
3388.176899	-14.080000
3388.188738	-13.780000
3388.200576	-13.780000
3388.212415	-14.280000
3388.224253	-14.580000
3388.236091	-14.280000
3388.247930	-14.580000
3388.259768	-14.080000
3388.271606	-14.080000
3388.283445	-13.480000
3388.295283	-14.080000
3388.307122	-14.580000
3388.318960	-14.580000
3388.330798	-14.880000
3388.342637	-14.280000
3388.354475	-14.080000
3388.366313	-13.480000
3388.378152	-12.980000
3388.389990	-13.780000
3388.401829	-13.780000
3388.413667	-13.780000
3388.425505	-14.080000
3388.437344	-14.880000
3388.449182	-14.280000
3388.461021	-14.080000
3388.472859	-14.080000
3388.484697	-14.280000
3388.496536	-14.280000
3388.508374	-14.080000
3388.520212	-14.080000
3388.532051	-14.280000
3388.543889	-14.280000
3388.555728	-14.080000
3388.567566	-13.780000
3388.579404	-13.780000
3388.591243	-14.580000
3388.603081	-14.280000
3388.614919	-14.280000
3388.626758	-13.480000
3388.638596	-13.780000
3388.650435	-14.080000
3388.662273	-14.580000
3388.674111	-14.880000
3388.685950	-14.280000
3388.697788	-13.780000
3388.709626	-14.280000
3388.721465	-14.280000
3388.733303	-14.880000
3388.745142	-14.880000
3388.756980	-14.580000
3388.768818	-14.280000
3388.780657	-14.080000
3388.792495	-14.080000
3388.804333	-14.080000
3388.816172	-14.080000
3388.828010	-14.580000
3388.839849	-14.280000
3388.851687	-14.580000
3388.863525	-14.280000
3388.875364	-14.080000
3388.887202	-13.480000
3388.899041	-14.280000
3388.910879	-14.080000
3388.922717	-13.780000
3388.934556	-13.780000
3388.946394	-13.780000
3388.958232	-14.080000
3388.970071	-14.080000
3388.981909	-14.080000
3388.993748	-14.580000
3389.005586	-14.580000
3389.017424	-14.280000
3389.029263	-14.280000
3389.041101	-14.080000
3389.052939	-14.580000
3389.064778	-14.580000
3389.076616	-14.080000
3389.088455	-13.280000
3389.100293	-13.280000
3389.112131	-13.480000
3389.123970	-13.780000
3389.135808	-13.780000
3389.147646	-14.080000
3389.159485	-13.480000
3389.171323	-13.780000
3389.183162	-14.080000
