field	cf1a.spe
 334.000	
 334.001	 16160
 334.002	 16160
 334.004	 16160
 334.005	 16160
 334.006	 16160
 334.007	 16175
 334.008	 16160
 334.009	 16190
 334.011	 16200
 334.012	 16215
 334.013	 16190
 334.014	 16190
 334.015	 16175
 334.016	 16190
 334.018	 16160
 334.019	 16160
 334.020	 16175
 334.021	 16175
 334.022	 16190
 334.023	 16190
 334.025	 16200
 334.026	 16175
 334.027	 16200
 334.028	 16160
 334.029	 16175
 334.030	 16190
 334.032	 16175
 334.033	 16190
 334.034	 16175
 334.035	 16175
 334.036	 16190
 334.038	 16150
 334.039	 16150
 334.040	 16150
 334.041	 16160
 334.042	 16200
 334.043	 16190
 334.045	 16200
 334.046	 16190
 334.047	 16175
 334.048	 16190
 334.049	 16200
 334.050	 16175
 334.052	 16175
 334.053	 16175
 334.054	 16190
 334.055	 16190
 334.056	 16175
 334.057	 16190
 334.059	 16175
 334.060	 16175
 334.061	 16190
 334.062	 16200
 334.063	 16215
 334.064	 16215
 334.066	 16190
 334.067	 16190
 334.068	 16190
 334.069	 16175
 334.070	 16175
 334.072	 16160
 334.073	 16175
 334.074	 16190
 334.075	 16175
 334.076	 16190
 334.077	 16190
 334.079	 16190
 334.080	 16200
 334.081	 16190
 334.082	 16175
 334.083	 16215
 334.084	 16200
 334.086	 16190
 334.087	 16190
 334.088	 16190
 334.089	 16200
 334.090	 16200
 334.091	 16215
 334.093	 16200
 334.094	 16200
 334.095	 16190
 334.096	 16190
 334.097	 16230
 334.098	 16215
 334.100	 16200
 334.101	 16200
 334.102	 16175
 334.103	 16190
 334.104	 16175
 334.105	 16190
 334.107	 16175
 334.108	 16215
 334.109	 16200
 334.110	 16190
 334.111	 16200
 334.113	 16200
 334.114	 16200
 334.115	 16200
 334.116	 16175
 334.117	 16215
 334.118	 16215
 334.120	 16240
 334.121	 16215
 334.122	 16190
 334.123	 16175
 334.124	 16200
 334.125	 16215
 334.127	 16200
 334.128	 16190
 334.129	 16200
 334.130	 16200
 334.131	 16215
 334.132	 16215
 334.134	 16190
 334.135	 16200
 334.136	 16200
 334.137	 16215
 334.138	 16200
 334.139	 16200
 334.141	 16215
 334.142	 16215
 334.143	 16200
 334.144	 16200
 334.145	 16200
 334.147	 16200
 334.148	 16230
 334.149	 16215
 334.150	 16215
 334.151	 16215
 334.152	 16200
 334.154	 16175
 334.155	 16215
 334.156	 16230
 334.157	 16215
 334.158	 16240
 334.159	 16215
 334.161	 16215
 334.162	 16200
 334.163	 16200
 334.164	 16200
 334.165	 16175
 334.166	 16190
 334.168	 16215
 334.169	 16240
 334.170	 16230
 334.171	 16200
 334.172	 16230
 334.173	 16200
 334.175	 16190
 334.176	 16200
 334.177	 16215
 334.178	 16215
 334.179	 16215
 334.181	 16215
 334.182	 16230
 334.183	 16200
 334.184	 16200
 334.185	 16215
 334.186	 16215
 334.188	 16200
 334.189	 16200
 334.190	 16215
 334.191	 16215
 334.192	 16215
 334.193	 16240
 334.195	 16215
 334.196	 16200
 334.197	 16215
 334.198	 16200
 334.199	 16230
 334.200	 16200
 334.202	 16215
 334.203	 16175
 334.204	 16175
 334.205	 16200
 334.206	 16230
 334.207	 16240
 334.209	 16230
 334.210	 16215
 334.211	 16200
 334.212	 16200
 334.213	 16190
 334.215	 16200
 334.216	 16200
 334.217	 16200
 334.218	 16230
 334.219	 16240
 334.220	 16215
 334.222	 16215
 334.223	 16230
 334.224	 16240
 334.225	 16230
 334.226	 16240
 334.227	 16215
 334.229	 16230
 334.230	 16200
 334.231	 16215
 334.232	 16215
 334.233	 16230
 334.234	 16240
 334.236	 16255
 334.237	 16240
 334.238	 16230
 334.239	 16240
 334.240	 16240
 334.241	 16230
 334.243	 16215
 334.244	 16200
 334.245	 16200
 334.246	 16230
 334.247	 16240
 334.249	 16240
 334.250	 16240
 334.251	 16230
 334.252	 16230
 334.253	 16230
 334.254	 16190
 334.256	 16175
 334.257	 16190
 334.258	 16190
 334.259	 16200
 334.260	 16200
 334.261	 16215
 334.263	 16200
 334.264	 16230
 334.265	 16230
 334.266	 16230
 334.267	 16230
 334.268	 16215
 334.270	 16240
 334.271	 16240
 334.272	 16215
 334.273	 16230
 334.274	 16255
 334.275	 16255
 334.277	 16230
 334.278	 16215
 334.279	 16200
 334.280	 16200
 334.281	 16200
 334.282	 16190
 334.284	 16200
 334.285	 16200
 334.286	 16215
 334.287	 16230
 334.288	 16240
 334.290	 16240
 334.291	 16240
 334.292	 16230
 334.293	 16230
 334.294	 16240
 334.295	 16215
 334.297	 16230
 334.298	 16240
 334.299	 16215
 334.300	 16230
 334.301	 16240
 334.302	 16240
 334.304	 16240
 334.305	 16215
 334.306	 16215
 334.307	 16215
 334.308	 16215
 334.309	 16240
 334.311	 16240
 334.312	 16240
 334.313	 16240
 334.314	 16240
 334.315	 16240
 334.316	 16240
 334.318	 16240
 334.319	 16270
 334.320	 16255
 334.321	 16240
 334.322	 16215
 334.324	 16240
 334.325	 16255
 334.326	 16240
 334.327	 16240
 334.328	 16240
 334.329	 16215
 334.331	 16240
 334.332	 16255
 334.333	 16270
 334.334	 16255
 334.335	 16240
 334.336	 16255
 334.338	 16255
 334.339	 16270
 334.340	 16280
 334.341	 16255
 334.342	 16240
 334.343	 16230
 334.345	 16230
 334.346	 16215
 334.347	 16230
 334.348	 16230
 334.349	 16230
 334.350	 16255
 334.352	 16240
 334.353	 16255
 334.354	 16240
 334.355	 16270
 334.356	 16270
 334.358	 16270
 334.359	 16280
 334.360	 16280
 334.361	 16240
 334.362	 16240
 334.363	 16240
 334.365	 16240
 334.366	 16230
 334.367	 16230
 334.368	 16215
 334.369	 16255
 334.370	 16240
 334.372	 16270
 334.373	 16270
 334.374	 16230
 334.375	 16240
 334.376	 16270
 334.377	 16310
 334.379	 16280
 334.380	 16255
 334.381	 16240
 334.382	 16240
 334.383	 16240
 334.384	 16240
 334.386	 16240
 334.387	 16230
 334.388	 16295
 334.389	 16295
 334.390	 16280
 334.392	 16280
 334.393	 16295
 334.394	 16270
 334.395	 16240
 334.396	 16240
 334.397	 16255
 334.399	 16230
 334.400	 16240
 334.401	 16255
 334.402	 16270
 334.403	 16280
 334.404	 16280
 334.406	 16270
 334.407	 16255
 334.408	 16255
 334.409	 16270
 334.410	 16270
 334.411	 16255
 334.413	 16270
 334.414	 16270
 334.415	 16240
 334.416	 16270
 334.417	 16240
 334.418	 16230
 334.420	 16240
 334.421	 16270
 334.422	 16270
 334.423	 16240
 334.424	 16240
 334.425	 16295
 334.427	 16295
 334.428	 16255
 334.429	 16255
 334.430	 16255
 334.431	 16270
 334.433	 16240
 334.434	 16255
 334.435	 16255
 334.436	 16255
 334.437	 16215
 334.438	 16230
 334.440	 16270
 334.441	 16280
 334.442	 16255
 334.443	 16280
 334.444	 16255
 334.445	 16255
 334.447	 16255
 334.448	 16255
 334.449	 16270
 334.450	 16280
 334.451	 16255
 334.452	 16255
 334.454	 16255
 334.455	 16255
 334.456	 16240
 334.457	 16255
 334.458	 16280
 334.459	 16270
 334.461	 16270
 334.462	 16270
 334.463	 16280
 334.464	 16295
 334.465	 16310
 334.467	 16310
 334.468	 16280
 334.469	 16280
 334.470	 16280
 334.471	 16280
 334.472	 16295
 334.474	 16295
 334.475	 16280
 334.476	 16270
 334.477	 16255
 334.478	 16255
 334.479	 16270
 334.481	 16310
 334.482	 16270
 334.483	 16280
 334.484	 16295
 334.485	 16320
 334.486	 16280
 334.488	 16280
 334.489	 16255
 334.490	 16280
 334.491	 16310
 334.492	 16280
 334.493	 16280
 334.495	 16295
 334.496	 16295
 334.497	 16295
 334.498	 16295
 334.499	 16270
 334.501	 16270
 334.502	 16295
 334.503	 16270
 334.504	 16255
 334.505	 16270
 334.506	 16270
 334.508	 16270
 334.509	 16270
 334.510	 16255
 334.511	 16280
 334.512	 16270
 334.513	 16320
 334.515	 16320
 334.516	 16295
 334.517	 16295
 334.518	 16280
 334.519	 16280
 334.520	 16270
 334.522	 16270
 334.523	 16240
 334.524	 16240
 334.525	 16255
 334.526	 16270
 334.527	 16270
 334.529	 16270
 334.530	 16280
 334.531	 16280
 334.532	 16295
 334.533	 16280
 334.535	 16270
 334.536	 16270
 334.537	 16270
 334.538	 16295
 334.539	 16270
 334.540	 16295
 334.542	 16280
 334.543	 16280
 334.544	 16310
 334.545	 16320
 334.546	 16320
 334.547	 16320
 334.549	 16310
 334.550	 16335
 334.551	 16320
 334.552	 16310
 334.553	 16310
 334.554	 16310
 334.556	 16280
 334.557	 16270
 334.558	 16255
 334.559	 16230
 334.560	 16270
 334.561	 16280
 334.563	 16295
 334.564	 16295
 334.565	 16310
 334.566	 16295
 334.567	 16295
 334.569	 16310
 334.570	 16320
 334.571	 16310
 334.572	 16310
 334.573	 16295
 334.574	 16295
 334.576	 16280
 334.577	 16295
 334.578	 16295
 334.579	 16280
 334.580	 16280
 334.581	 16295
 334.583	 16270
 334.584	 16295
 334.585	 16295
 334.586	 16295
 334.587	 16310
 334.588	 16295
 334.590	 16280
 334.591	 16280
 334.592	 16270
 334.593	 16270
 334.594	 16280
 334.595	 16280
 334.597	 16280
 334.598	 16270
 334.599	 16280
 334.600	 16280
 334.601	 16280
 334.602	 16270
 334.604	 16230
 334.605	 16255
 334.606	 16270
 334.607	 16295
 334.608	 16295
 334.610	 16280
 334.611	 16280
 334.612	 16295
 334.613	 16310
 334.614	 16310
 334.615	 16295
 334.617	 16295
 334.618	 16295
 334.619	 16280
 334.620	 16255
 334.621	 16270
 334.622	 16320
 334.624	 16295
 334.625	 16310
 334.626	 16295
 334.627	 16310
 334.628	 16295
 334.629	 16270
 334.631	 16280
 334.632	 16295
 334.633	 16280
 334.634	 16270
 334.635	 16280
 334.636	 16295
 334.638	 16320
 334.639	 16295
 334.640	 16335
 334.641	 16320
 334.642	 16295
 334.644	 16280
 334.645	 16270
 334.646	 16280
 334.647	 16310
 334.648	 16280
 334.649	 16280
 334.651	 16295
 334.652	 16310
 334.653	 16320
 334.654	 16320
 334.655	 16310
 334.656	 16320
 334.658	 16320
 334.659	 16320
 334.660	 16295
 334.661	 16310
 334.662	 16270
 334.663	 16295
 334.665	 16295
 334.666	 16310
 334.667	 16295
 334.668	 16280
 334.669	 16280
 334.670	 16280
 334.672	 16270
 334.673	 16280
 334.674	 16295
 334.675	 16310
 334.676	 16350
 334.678	 16335
 334.679	 16320
 334.680	 16320
 334.681	 16320
 334.682	 16335
 334.683	 16310
 334.685	 16310
 334.686	 16320
 334.687	 16320
 334.688	 16335
 334.689	 16335
 334.690	 16320
 334.692	 16310
 334.693	 16310
 334.694	 16310
 334.695	 16295
 334.696	 16310
 334.697	 16335
 334.699	 16335
 334.700	 16335
 334.701	 16320
 334.702	 16310
 334.703	 16310
 334.704	 16320
 334.706	 16320
 334.707	 16320
 334.708	 16335
 334.709	 16335
 334.710	 16320
 334.712	 16335
 334.713	 16350
 334.714	 16320
 334.715	 16320
 334.716	 16310
 334.717	 16280
 334.719	 16295
 334.720	 16310
 334.721	 16280
 334.722	 16310
 334.723	 16310
 334.724	 16310
 334.726	 16320
 334.727	 16335
 334.728	 16335
 334.729	 16320
 334.730	 16320
 334.731	 16320
 334.733	 16310
 334.734	 16310
 334.735	 16320
 334.736	 16295
 334.737	 16280
 334.738	 16310
 334.740	 16295
 334.741	 16310
 334.742	 16320
 334.743	 16320
 334.744	 16335
 334.745	 16335
 334.747	 16310
 334.748	 16310
 334.749	 16310
 334.750	 16320
 334.751	 16350
 334.753	 16350
 334.754	 16335
 334.755	 16320
 334.756	 16350
 334.757	 16335
 334.758	 16375
 334.760	 16335
 334.761	 16350
 334.762	 16335
 334.763	 16350
 334.764	 16350
 334.765	 16335
 334.767	 16350
 334.768	 16350
 334.769	 16350
 334.770	 16335
 334.771	 16310
 334.772	 16310
 334.774	 16310
 334.775	 16310
 334.776	 16310
 334.777	 16320
 334.778	 16295
 334.779	 16320
 334.781	 16350
 334.782	 16335
 334.783	 16320
 334.784	 16350
 334.785	 16350
 334.787	 16350
 334.788	 16335
 334.789	 16335
 334.790	 16320
 334.791	 16320
 334.792	 16335
 334.794	 16335
 334.795	 16320
 334.796	 16335
 334.797	 16350
 334.798	 16335
 334.799	 16320
 334.801	 16320
 334.802	 16335
 334.803	 16310
 334.804	 16335
 334.805	 16350
 334.806	 16375
 334.808	 16350
 334.809	 16350
 334.810	 16335
 334.811	 16335
 334.812	 16360
 334.813	 16375
 334.815	 16350
 334.816	 16350
 334.817	 16360
 334.818	 16390
 334.819	 16360
 334.821	 16350
 334.822	 16335
 334.823	 16350
 334.824	 16350
 334.825	 16350
 334.826	 16335
 334.828	 16360
 334.829	 16350
 334.830	 16335
 334.831	 16335
 334.832	 16310
 334.833	 16335
 334.835	 16350
 334.836	 16350
 334.837	 16360
 334.838	 16360
 334.839	 16360
 334.840	 16350
 334.842	 16350
 334.843	 16360
 334.844	 16360
 334.845	 16360
 334.846	 16335
 334.847	 16350
 334.849	 16350
 334.850	 16360
 334.851	 16360
 334.852	 16360
 334.853	 16350
 334.855	 16375
 334.856	 16375
 334.857	 16360
 334.858	 16375
 334.859	 16360
 334.860	 16360
 334.862	 16360
 334.863	 16360
 334.864	 16350
 334.865	 16360
 334.866	 16360
 334.867	 16390
 334.869	 16390
 334.870	 16390
 334.871	 16360
 334.872	 16390
 334.873	 16390
 334.874	 16390
 334.876	 16390
 334.877	 16415
 334.878	 16390
 334.879	 16390
 334.880	 16390
 334.881	 16375
 334.883	 16375
 334.884	 16375
 334.885	 16375
 334.886	 16360
 334.887	 16360
 334.889	 16375
 334.890	 16360
 334.891	 16375
 334.892	 16390
 334.893	 16375
 334.894	 16350
 334.896	 16350
 334.897	 16360
 334.898	 16360
 334.899	 16375
 334.900	 16375
 334.901	 16400
 334.903	 16390
 334.904	 16400
 334.905	 16400
 334.906	 16400
 334.907	 16400
 334.908	 16360
 334.910	 16350
 334.911	 16350
 334.912	 16375
 334.913	 16390
 334.914	 16400
 334.915	 16415
 334.917	 16390
 334.918	 16390
 334.919	 16400
 334.920	 16415
 334.921	 16400
 334.922	 16415
 334.924	 16415
 334.925	 16430
 334.926	 16430
 334.927	 16455
 334.928	 16415
 334.930	 16400
 334.931	 16390
 334.932	 16415
 334.933	 16400
 334.934	 16400
 334.935	 16390
 334.937	 16375
 334.938	 16375
 334.939	 16390
 334.940	 16400
 334.941	 16400
 334.942	 16400
 334.944	 16415
 334.945	 16430
 334.946	 16400
 334.947	 16430
 334.948	 16430
 334.949	 16415
 334.951	 16400
 334.952	 16390
 334.953	 16400
 334.954	 16400
 334.955	 16375
 334.956	 16390
 334.958	 16390
 334.959	 16360
 334.960	 16375
 334.961	 16375
 334.962	 16390
 334.964	 16390
 334.965	 16400
 334.966	 16415
 334.967	 16415
 334.968	 16390
 334.969	 16390
 334.971	 16375
 334.972	 16415
 334.973	 16430
 334.974	 16430
 334.975	 16430
 334.976	 16455
 334.978	 16455
 334.979	 16430
 334.980	 16430
 334.981	 16440
 334.982	 16440
 334.983	 16440
 334.985	 16415
 334.986	 16400
 334.987	 16415
 334.988	 16440
 334.989	 16440
 334.990	 16440
 334.992	 16415
 334.993	 16390
 334.994	 16400
 334.995	 16415
 334.996	 16440
 334.998	 16415
 334.999	 16430
 335.000	 16400
 335.001	 16400
 335.002	 16440
 335.003	 16470
 335.005	 16440
 335.006	 16455
 335.007	 16480
 335.008	 16480
 335.009	 16440
 335.010	 16440
 335.012	 16430
 335.013	 16400
 335.014	 16400
 335.015	 16440
 335.016	 16430
 335.017	 16440
 335.019	 16440
 335.020	 16455
 335.021	 16455
 335.022	 16455
 335.023	 16440
 335.024	 16455
 335.026	 16455
 335.027	 16480
 335.028	 16470
 335.029	 16470
 335.030	 16440
 335.032	 16455
 335.033	 16455
 335.034	 16470
 335.035	 16470
 335.036	 16455
 335.037	 16440
 335.039	 16430
 335.040	 16455
 335.041	 16455
 335.042	 16495
 335.043	 16480
 335.044	 16470
 335.046	 16440
 335.047	 16430
 335.048	 16455
 335.049	 16455
 335.050	 16455
 335.051	 16455
 335.053	 16440
 335.054	 16480
 335.055	 16470
 335.056	 16480
 335.057	 16455
 335.058	 16455
 335.060	 16470
 335.061	 16470
 335.062	 16440
 335.063	 16480
 335.064	 16495
 335.065	 16480
 335.067	 16470
 335.068	 16455
 335.069	 16440
 335.070	 16470
 335.071	 16495
 335.073	 16480
 335.074	 16470
 335.075	 16430
 335.076	 16470
 335.077	 16470
 335.078	 16440
 335.080	 16455
 335.081	 16470
 335.082	 16480
 335.083	 16470
 335.084	 16440
 335.085	 16455
 335.087	 16470
 335.088	 16470
 335.089	 16455
 335.090	 16480
 335.091	 16480
 335.092	 16455
 335.094	 16480
 335.095	 16470
 335.096	 16480
 335.097	 16510
 335.098	 16535
 335.099	 16520
 335.101	 16495
 335.102	 16470
 335.103	 16455
 335.104	 16455
 335.105	 16480
 335.107	 16470
 335.108	 16495
 335.109	 16520
 335.110	 16510
 335.111	 16480
 335.112	 16480
 335.114	 16495
 335.115	 16480
 335.116	 16510
 335.117	 16520
 335.118	 16510
 335.119	 16470
 335.121	 16495
 335.122	 16470
 335.123	 16470
 335.124	 16480
 335.125	 16520
 335.126	 16510
 335.128	 16510
 335.129	 16480
 335.130	 16510
 335.131	 16520
 335.132	 16535
 335.133	 16535
 335.135	 16520
 335.136	 16510
 335.137	 16510
 335.138	 16510
 335.139	 16520
 335.141	 16535
 335.142	 16510
 335.143	 16535
 335.144	 16535
 335.145	 16520
 335.146	 16550
 335.148	 16550
 335.149	 16550
 335.150	 16550
 335.151	 16535
 335.152	 16535
 335.153	 16520
 335.155	 16550
 335.156	 16550
 335.157	 16535
 335.158	 16520
 335.159	 16510
 335.160	 16520
 335.162	 16560
 335.163	 16550
 335.164	 16575
 335.165	 16560
 335.166	 16560
 335.167	 16575
 335.169	 16575
 335.170	 16590
 335.171	 16575
 335.172	 16560
 335.173	 16575
 335.175	 16575
 335.176	 16550
 335.177	 16560
 335.178	 16550
 335.179	 16535
 335.180	 16550
 335.182	 16560
 335.183	 16575
 335.184	 16560
 335.185	 16575
 335.186	 16575
 335.187	 16575
 335.189	 16600
 335.190	 16600
 335.191	 16590
 335.192	 16590
 335.193	 16590
 335.194	 16590
 335.196	 16590
 335.197	 16575
 335.198	 16560
 335.199	 16550
 335.200	 16560
 335.201	 16590
 335.203	 16630
 335.204	 16615
 335.205	 16600
 335.206	 16615
 335.207	 16590
 335.209	 16590
 335.210	 16590
 335.211	 16600
 335.212	 16600
 335.213	 16600
 335.214	 16615
 335.216	 16615
 335.217	 16640
 335.218	 16630
 335.219	 16630
 335.220	 16640
 335.221	 16630
 335.223	 16630
 335.224	 16640
 335.225	 16655
 335.226	 16630
 335.227	 16640
 335.228	 16615
 335.230	 16600
 335.231	 16630
 335.232	 16590
 335.233	 16600
 335.234	 16615
 335.235	 16630
 335.237	 16630
 335.238	 16630
 335.239	 16640
 335.240	 16640
 335.241	 16655
 335.242	 16670
 335.244	 16695
 335.245	 16680
 335.246	 16680
 335.247	 16670
 335.248	 16680
 335.250	 16655
 335.251	 16655
 335.252	 16640
 335.253	 16640
 335.254	 16670
 335.255	 16680
 335.257	 16655
 335.258	 16695
 335.259	 16670
 335.260	 16680
 335.261	 16670
 335.262	 16680
 335.264	 16680
 335.265	 16680
 335.266	 16670
 335.267	 16680
 335.268	 16695
 335.269	 16710
 335.271	 16710
 335.272	 16680
 335.273	 16655
 335.274	 16670
 335.275	 16695
 335.276	 16680
 335.278	 16710
 335.279	 16720
 335.280	 16720
 335.281	 16720
 335.282	 16720
 335.284	 16720
 335.285	 16710
 335.286	 16680
 335.287	 16680
 335.288	 16720
 335.289	 16735
 335.291	 16710
 335.292	 16720
 335.293	 16710
 335.294	 16710
 335.295	 16720
 335.296	 16750
 335.298	 16720
 335.299	 16720
 335.300	 16720
 335.301	 16720
 335.302	 16695
 335.303	 16710
 335.305	 16720
 335.306	 16710
 335.307	 16710
 335.308	 16720
 335.309	 16735
 335.310	 16735
 335.312	 16735
 335.313	 16760
 335.314	 16750
 335.315	 16735
 335.316	 16760
 335.318	 16775
 335.319	 16760
 335.320	 16760
 335.321	 16750
 335.322	 16760
 335.323	 16775
 335.325	 16775
 335.326	 16750
 335.327	 16750
 335.328	 16790
 335.329	 16790
 335.330	 16760
 335.332	 16760
 335.333	 16760
 335.334	 16775
 335.335	 16775
 335.336	 16790
 335.337	 16790
 335.339	 16800
 335.340	 16775
 335.341	 16790
 335.342	 16790
 335.343	 16790
 335.344	 16800
 335.346	 16815
 335.347	 16800
 335.348	 16775
 335.349	 16800
 335.350	 16775
 335.352	 16800
 335.353	 16800
 335.354	 16815
 335.355	 16815
 335.356	 16800
 335.357	 16800
 335.359	 16800
 335.360	 16830
 335.361	 16830
 335.362	 16830
 335.363	 16815
 335.364	 16840
 335.366	 16815
 335.367	 16855
 335.368	 16840
 335.369	 16855
 335.370	 16840
 335.371	 16855
 335.373	 16870
 335.374	 16855
 335.375	 16830
 335.376	 16840
 335.377	 16855
 335.378	 16855
 335.380	 16870
 335.381	 16880
 335.382	 16855
 335.383	 16855
 335.384	 16840
 335.385	 16855
 335.387	 16870
 335.388	 16855
 335.389	 16840
 335.390	 16840
 335.391	 16870
 335.393	 16895
 335.394	 16895
 335.395	 16895
 335.396	 16895
 335.397	 16895
 335.398	 16910
 335.400	 16910
 335.401	 16910
 335.402	 16895
 335.403	 16910
 335.404	 16935
 335.405	 16950
 335.407	 16950
 335.408	 16950
 335.409	 16935
 335.410	 16960
 335.411	 16950
 335.412	 16935
 335.414	 16935
 335.415	 16950
 335.416	 16950
 335.417	 16935
 335.418	 16950
 335.419	 16950
 335.421	 16950
 335.422	 16950
 335.423	 16960
 335.424	 16975
 335.425	 16975
 335.427	 16990
 335.428	 17000
 335.429	 17015
 335.430	 17015
 335.431	 17030
 335.432	 16990
 335.434	 17015
 335.435	 17000
 335.436	 17015
 335.437	 17015
 335.438	 17055
 335.439	 17040
 335.441	 17030
 335.442	 17055
 335.443	 17040
 335.444	 17030
 335.445	 17055
 335.446	 17015
 335.448	 17015
 335.449	 17040
 335.450	 17055
 335.451	 17015
 335.452	 17040
 335.453	 17070
 335.455	 17095
 335.456	 17080
 335.457	 17095
 335.458	 17080
 335.459	 17095
 335.461	 17095
 335.462	 17095
 335.463	 17120
 335.464	 17110
 335.465	 17095
 335.466	 17095
 335.468	 17120
 335.469	 17150
 335.470	 17150
 335.471	 17120
 335.472	 17135
 335.473	 17160
 335.475	 17150
 335.476	 17135
 335.477	 17135
 335.478	 17150
 335.479	 17135
 335.480	 17150
 335.482	 17175
 335.483	 17200
 335.484	 17215
 335.485	 17240
 335.486	 17230
 335.487	 17215
 335.489	 17230
 335.490	 17240
 335.491	 17240
 335.492	 17230
 335.493	 17240
 335.495	 17240
 335.496	 17255
 335.497	 17255
 335.498	 17255
 335.499	 17270
 335.500	 17255
 335.502	 17280
 335.503	 17270
 335.504	 17270
 335.505	 17280
 335.506	 17310
 335.507	 17295
 335.509	 17280
 335.510	 17310
 335.511	 17335
 335.512	 17335
 335.513	 17335
 335.514	 17320
 335.516	 17310
 335.517	 17350
 335.518	 17350
 335.519	 17350
 335.520	 17350
 335.521	 17375
 335.523	 17415
 335.524	 17400
 335.525	 17390
 335.526	 17390
 335.527	 17415
 335.529	 17470
 335.530	 17470
 335.531	 17470
 335.532	 17455
 335.533	 17455
 335.534	 17495
 335.536	 17495
 335.537	 17480
 335.538	 17480
 335.539	 17495
 335.540	 17495
 335.541	 17495
 335.543	 17510
 335.544	 17520
 335.545	 17535
 335.546	 17520
 335.547	 17520
 335.548	 17535
 335.550	 17520
 335.551	 17520
 335.552	 17575
 335.553	 17575
 335.554	 17550
 335.555	 17550
 335.557	 17550
 335.558	 17590
 335.559	 17590
 335.560	 17615
 335.561	 17630
 335.562	 17640
 335.564	 17640
 335.565	 17670
 335.566	 17680
 335.567	 17680
 335.568	 17695
 335.570	 17695
 335.571	 17720
 335.572	 17720
 335.573	 17710
 335.574	 17695
 335.575	 17720
 335.577	 17760
 335.578	 17800
 335.579	 17760
 335.580	 17790
 335.581	 17800
 335.582	 17815
 335.584	 17830
 335.585	 17840
 335.586	 17840
 335.587	 17830
 335.588	 17840
 335.589	 17855
 335.591	 17855
 335.592	 17880
 335.593	 17895
 335.594	 17920
 335.595	 17895
 335.596	 17895
 335.598	 17910
 335.599	 17950
 335.600	 17960
 335.601	 17975
 335.602	 17975
 335.604	 17975
 335.605	 17975
 335.606	 18000
 335.607	 18015
 335.608	 18030
 335.609	 18040
 335.611	 18040
 335.612	 18030
 335.613	 18030
 335.614	 18040
 335.615	 18070
 335.616	 18095
 335.618	 18110
 335.619	 18150
 335.620	 18150
 335.621	 18135
 335.622	 18120
 335.623	 18135
 335.625	 18150
 335.626	 18150
 335.627	 18160
 335.628	 18190
 335.629	 18200
 335.630	 18215
 335.632	 18240
 335.633	 18240
 335.634	 18255
 335.635	 18280
 335.636	 18280
 335.638	 18280
 335.639	 18280
 335.640	 18280
 335.641	 18280
 335.642	 18310
 335.643	 18295
 335.645	 18335
 335.646	 18320
 335.647	 18320
 335.648	 18360
 335.649	 18375
 335.650	 18390
 335.652	 18415
 335.653	 18415
 335.654	 18455
 335.655	 18430
 335.656	 18440
 335.657	 18455
 335.659	 18480
 335.660	 18480
 335.661	 18510
 335.662	 18520
 335.663	 18520
 335.664	 18550
 335.666	 18535
 335.667	 18520
 335.668	 18535
 335.669	 18535
 335.670	 18560
 335.672	 18560
 335.673	 18560
 335.674	 18630
 335.675	 18640
 335.676	 18630
 335.677	 18630
 335.679	 18670
 335.680	 18670
 335.681	 18670
 335.682	 18695
 335.683	 18720
 335.684	 18720
 335.686	 18735
 335.687	 18735
 335.688	 18720
 335.689	 18750
 335.690	 18775
 335.691	 18790
 335.693	 18800
 335.694	 18800
 335.695	 18830
 335.696	 18815
 335.697	 18830
 335.698	 18815
 335.700	 18815
 335.701	 18815
 335.702	 18840
 335.703	 18870
 335.704	 18880
 335.705	 18895
 335.707	 18895
 335.708	 18910
 335.709	 18920
 335.710	 18950
 335.711	 18990
 335.713	 19000
 335.714	 18950
 335.715	 18960
 335.716	 18990
 335.717	 18975
 335.718	 19000
 335.720	 19030
 335.721	 19040
 335.722	 19040
 335.723	 19055
 335.724	 19040
 335.725	 19070
 335.727	 19080
 335.728	 19080
 335.729	 19110
 335.730	 19120
 335.731	 19110
 335.732	 19095
 335.734	 19150
 335.735	 19150
 335.736	 19190
 335.737	 19160
 335.738	 19190
 335.739	 19190
 335.741	 19190
 335.742	 19200
 335.743	 19200
 335.744	 19190
 335.745	 19200
 335.747	 19215
 335.748	 19215
 335.749	 19230
 335.750	 19230
 335.751	 19270
 335.752	 19270
 335.754	 19320
 335.755	 19320
 335.756	 19320
 335.757	 19310
 335.758	 19310
 335.759	 19310
 335.761	 19310
 335.762	 19335
 335.763	 19360
 335.764	 19375
 335.765	 19335
 335.766	 19350
 335.768	 19350
 335.769	 19390
 335.770	 19375
 335.771	 19360
 335.772	 19375
 335.773	 19415
 335.775	 19400
 335.776	 19400
 335.777	 19400
 335.778	 19415
 335.779	 19415
 335.781	 19415
 335.782	 19440
 335.783	 19440
 335.784	 19455
 335.785	 19510
 335.786	 19495
 335.788	 19510
 335.789	 19520
 335.790	 19510
 335.791	 19510
 335.792	 19510
 335.793	 19480
 335.795	 19480
 335.796	 19520
 335.797	 19535
 335.798	 19535
 335.799	 19560
 335.800	 19575
 335.802	 19550
 335.803	 19550
 335.804	 19560
 335.805	 19550
 335.806	 19535
 335.807	 19560
 335.809	 19550
 335.810	 19590
 335.811	 19615
 335.812	 19630
 335.813	 19600
 335.815	 19600
 335.816	 19590
 335.817	 19600
 335.818	 19615
 335.819	 19600
 335.820	 19640
 335.822	 19630
 335.823	 19640
 335.824	 19640
 335.825	 19630
 335.826	 19615
 335.827	 19630
 335.829	 19640
 335.830	 19640
 335.831	 19630
 335.832	 19630
 335.833	 19630
 335.834	 19655
 335.836	 19630
 335.837	 19655
 335.838	 19655
 335.839	 19640
 335.840	 19655
 335.841	 19655
 335.843	 19680
 335.844	 19670
 335.845	 19680
 335.846	 19680
 335.847	 19680
 335.849	 19670
 335.850	 19680
 335.851	 19680
 335.852	 19680
 335.853	 19655
 335.854	 19640
 335.856	 19680
 335.857	 19680
 335.858	 19680
 335.859	 19655
 335.860	 19680
 335.861	 19695
 335.863	 19720
 335.864	 19710
 335.865	 19710
 335.866	 19710
 335.867	 19710
 335.868	 19680
 335.870	 19710
 335.871	 19710
 335.872	 19735
 335.873	 19735
 335.874	 19735
 335.875	 19735
 335.877	 19720
 335.878	 19735
 335.879	 19760
 335.880	 19750
 335.881	 19735
 335.882	 19720
 335.884	 19720
 335.885	 19735
 335.886	 19735
 335.887	 19720
 335.888	 19750
 335.890	 19735
 335.891	 19735
 335.892	 19750
 335.893	 19775
 335.894	 19775
 335.895	 19750
 335.897	 19760
 335.898	 19800
 335.899	 19790
 335.900	 19790
 335.901	 19830
 335.902	 19815
 335.904	 19800
 335.905	 19790
 335.906	 19800
 335.907	 19790
 335.908	 19790
 335.909	 19800
 335.911	 19790
 335.912	 19800
 335.913	 19775
 335.914	 19790
 335.915	 19800
 335.916	 19800
 335.918	 19815
 335.919	 19830
 335.920	 19815
 335.921	 19830
 335.922	 19855
 335.924	 19840
 335.925	 19840
 335.926	 19855
 335.927	 19870
 335.928	 19895
 335.929	 19895
 335.931	 19895
 335.932	 19880
 335.933	 19870
 335.934	 19880
 335.935	 19895
 335.936	 19880
 335.938	 19895
 335.939	 19910
 335.940	 19920
 335.941	 19920
 335.942	 19950
 335.943	 19960
 335.945	 19960
 335.946	 19975
 335.947	 19975
 335.948	 19990
 335.949	 20000
 335.950	 20040
 335.952	 20040
 335.953	 20030
 335.954	 20040
 335.955	 20040
 335.956	 20070
 335.958	 20070
 335.959	 20095
 335.960	 20080
 335.961	 20095
 335.962	 20070
 335.963	 20070
 335.965	 20095
 335.966	 20135
 335.967	 20135
 335.968	 20135
 335.969	 20135
 335.970	 20135
 335.972	 20160
 335.973	 20175
 335.974	 20175
 335.975	 20200
 335.976	 20230
 335.977	 20230
 335.979	 20255
 335.980	 20280
 335.981	 20295
 335.982	 20280
 335.983	 20310
 335.984	 20295
 335.986	 20280
 335.987	 20310
 335.988	 20350
 335.989	 20360
 335.990	 20360
 335.992	 20390
 335.993	 20415
 335.994	 20430
 335.995	 20440
 335.996	 20440
 335.997	 20470
 335.999	 20455
 336.000	 20470
 336.001	 20550
 336.002	 20550
 336.003	 20575
 336.004	 20575
 336.006	 20615
 336.007	 20630
 336.008	 20640
 336.009	 20680
 336.010	 20680
 336.011	 20720
 336.013	 20735
 336.014	 20750
 336.015	 20750
 336.016	 20760
 336.017	 20775
 336.018	 20775
 336.020	 20840
 336.021	 20855
 336.022	 20870
 336.023	 20870
 336.024	 20895
 336.025	 20935
 336.027	 20960
 336.028	 20990
 336.029	 21000
 336.030	 21070
 336.031	 21070
 336.033	 21110
 336.034	 21150
 336.035	 21175
 336.036	 21190
 336.037	 21175
 336.038	 21200
 336.040	 21240
 336.041	 21280
 336.042	 21295
 336.043	 21320
 336.044	 21335
 336.045	 21375
 336.047	 21400
 336.048	 21390
 336.049	 21430
 336.050	 21440
 336.051	 21470
 336.052	 21520
 336.054	 21535
 336.055	 21600
 336.056	 21600
 336.057	 21615
 336.058	 21655
 336.059	 21710
 336.061	 21735
 336.062	 21760
 336.063	 21800
 336.064	 21855
 336.065	 21880
 336.067	 21935
 336.068	 21910
 336.069	 21935
 336.070	 21960
 336.071	 21975
 336.072	 22015
 336.074	 22055
 336.075	 22110
 336.076	 22135
 336.077	 22160
 336.078	 22200
 336.079	 22255
 336.081	 22280
 336.082	 22335
 336.083	 22390
 336.084	 22400
 336.085	 22430
 336.086	 22455
 336.088	 22480
 336.089	 22510
 336.090	 22560
 336.091	 22590
 336.092	 22615
 336.093	 22670
 336.095	 22710
 336.096	 22735
 336.097	 22775
 336.098	 22800
 336.099	 22840
 336.101	 22855
 336.102	 22895
 336.103	 22920
 336.104	 23000
 336.105	 23015
 336.106	 23055
 336.108	 23095
 336.109	 23095
 336.110	 23120
 336.111	 23190
 336.112	 23215
 336.113	 23230
 336.115	 23270
 336.116	 23320
 336.117	 23390
 336.118	 23415
 336.119	 23470
 336.120	 23510
 336.122	 23535
 336.123	 23560
 336.124	 23600
 336.125	 23640
 336.126	 23680
 336.127	 23735
 336.129	 23750
 336.130	 23775
 336.131	 23800
 336.132	 23870
 336.133	 23895
 336.135	 23920
 336.136	 23960
 336.137	 24015
 336.138	 24040
 336.139	 24070
 336.140	 24150
 336.142	 24200
 336.143	 24230
 336.144	 24270
 336.145	 24295
 336.146	 24335
 336.147	 24375
 336.149	 24390
 336.150	 24400
 336.151	 24440
 336.152	 24520
 336.153	 24575
 336.154	 24615
 336.156	 24630
 336.157	 24680
 336.158	 24695
 336.159	 24750
 336.160	 24790
 336.161	 24840
 336.163	 24895
 336.164	 24910
 336.165	 24950
 336.166	 24975
 336.167	 25000
 336.169	 25030
 336.170	 25080
 336.171	 25135
 336.172	 25160
 336.173	 25200
 336.174	 25215
 336.176	 25255
 336.177	 25280
 336.178	 25310
 336.179	 25375
 336.180	 25400
 336.181	 25440
 336.183	 25495
 336.184	 25520
 336.185	 25550
 336.186	 25575
 336.187	 25600
 336.188	 25615
 336.190	 25680
 336.191	 25710
 336.192	 25710
 336.193	 25760
 336.194	 25775
 336.195	 25790
 336.197	 25815
 336.198	 25870
 336.199	 25910
 336.200	 25920
 336.201	 25935
 336.202	 26015
 336.204	 26030
 336.205	 26070
 336.206	 26070
 336.207	 26095
 336.208	 26110
 336.210	 26110
 336.211	 26190
 336.212	 26200
 336.213	 26240
 336.214	 26280
 336.215	 26320
 336.217	 26310
 336.218	 26335
 336.219	 26360
 336.220	 26430
 336.221	 26400
 336.222	 26440
 336.224	 26440
 336.225	 26455
 336.226	 26495
 336.227	 26480
 336.228	 26510
 336.229	 26520
 336.231	 26520
 336.232	 26560
 336.233	 26575
 336.234	 26575
 336.235	 26590
 336.236	 26615
 336.238	 26640
 336.239	 26655
 336.240	 26680
 336.241	 26680
 336.242	 26710
 336.244	 26735
 336.245	 26735
 336.246	 26750
 336.247	 26750
 336.248	 26750
 336.249	 26750
 336.251	 26760
 336.252	 26750
 336.253	 26750
 336.254	 26760
 336.255	 26760
 336.256	 26750
 336.258	 26760
 336.259	 26760
 336.260	 26790
 336.261	 26775
 336.262	 26790
 336.263	 26800
 336.265	 26815
 336.266	 26800
 336.267	 26775
 336.268	 26750
 336.269	 26735
 336.270	 26750
 336.272	 26750
 336.273	 26750
 336.274	 26735
 336.275	 26735
 336.276	 26735
 336.278	 26710
 336.279	 26695
 336.280	 26680
 336.281	 26710
 336.282	 26695
 336.283	 26680
 336.285	 26640
 336.286	 26600
 336.287	 26575
 336.288	 26550
 336.289	 26550
 336.290	 26535
 336.292	 26510
 336.293	 26480
 336.294	 26455
 336.295	 26470
 336.296	 26455
 336.297	 26415
 336.299	 26390
 336.300	 26360
 336.301	 26335
 336.302	 26335
 336.303	 26320
 336.304	 26280
 336.306	 26215
 336.307	 26175
 336.308	 26175
 336.309	 26150
 336.310	 26120
 336.312	 26070
 336.313	 26040
 336.314	 26000
 336.315	 25990
 336.316	 25920
 336.317	 25855
 336.319	 25830
 336.320	 25800
 336.321	 25760
 336.322	 25695
 336.323	 25680
 336.324	 25615
 336.326	 25590
 336.327	 25560
 336.328	 25520
 336.329	 25440
 336.330	 25430
 336.331	 25400
 336.333	 25375
 336.334	 25335
 336.335	 25270
 336.336	 25230
 336.337	 25160
 336.338	 25120
 336.340	 25070
 336.341	 24975
 336.342	 24910
 336.343	 24855
 336.344	 24800
 336.345	 24735
 336.347	 24695
 336.348	 24630
 336.349	 24560
 336.350	 24495
 336.351	 24430
 336.353	 24375
 336.354	 24295
 336.355	 24240
 336.356	 24190
 336.357	 24150
 336.358	 24070
 336.360	 23960
 336.361	 23880
 336.362	 23840
 336.363	 23750
 336.364	 23695
 336.365	 23600
 336.367	 23495
 336.368	 23440
 336.369	 23360
 336.370	 23295
 336.371	 23200
 336.372	 23135
 336.374	 23080
 336.375	 23030
 336.376	 22935
 336.377	 22855
 336.378	 22775
 336.379	 22735
 336.381	 22640
 336.382	 22535
 336.383	 22455
 336.384	 22375
 336.385	 22320
 336.387	 22240
 336.388	 22175
 336.389	 22080
 336.390	 22015
 336.391	 21920
 336.392	 21840
 336.394	 21735
 336.395	 21655
 336.396	 21550
 336.397	 21455
 336.398	 21360
 336.399	 21280
 336.401	 21200
 336.402	 21000
 336.403	 20920
 336.404	 20840
 336.405	 20750
 336.406	 20695
 336.408	 20600
 336.409	 20535
 336.410	 20430
 336.411	 20360
 336.412	 20255
 336.413	 20175
 336.415	 20080
 336.416	 19920
 336.417	 19830
 336.418	 19695
 336.419	 19615
 336.421	 19480
 336.422	 19430
 336.423	 19360
 336.424	 19295
 336.425	 19215
 336.426	 19080
 336.428	 19000
 336.429	 18870
 336.430	 18790
 336.431	 18630
 336.432	 18560
 336.433	 18455
 336.435	 18390
 336.436	 18270
 336.437	 18175
 336.438	 18070
 336.439	 18000
 336.440	 17920
 336.442	 17830
 336.443	 17710
 336.444	 17575
 336.445	 17470
 336.446	 17415
 336.447	 17280
 336.449	 17175
 336.450	 17055
 336.451	 16960
 336.452	 16880
 336.453	 16775
 336.455	 16710
 336.456	 16600
 336.457	 16480
 336.458	 16390
 336.459	 16295
 336.460	 16200
 336.462	 16095
 336.463	 15975
 336.464	 15920
 336.465	 15840
 336.466	 15750
 336.467	 15680
 336.469	 15575
 336.470	 15495
 336.471	 15375
 336.472	 15270
 336.473	 15160
 336.474	 15095
 336.476	 15000
 336.477	 14880
 336.478	 14790
 336.479	 14695
 336.480	 14600
 336.481	 14535
 336.483	 14415
 336.484	 14375
 336.485	 14240
 336.486	 14175
 336.487	 14070
 336.489	 14015
 336.490	 13895
 336.491	 13815
 336.492	 13720
 336.493	 13630
 336.494	 13520
 336.496	 13415
 336.497	 13320
 336.498	 13230
 336.499	 13150
 336.500	 13080
 336.501	 13030
 336.503	 12910
 336.504	 12815
 336.505	 12750
 336.506	 12680
 336.507	 12600
 336.508	 12520
 336.510	 12440
 336.511	 12310
 336.512	 12255
 336.513	 12175
 336.514	 12110
 336.515	 12000
 336.517	 11935
 336.518	 11815
 336.519	 11750
 336.520	 11630
 336.521	 11575
 336.522	 11480
 336.524	 11455
 336.525	 11360
 336.526	 11320
 336.527	 11270
 336.528	 11190
 336.530	 11110
 336.531	 11030
 336.532	 10960
 336.533	 10855
 336.534	 10800
 336.535	 10760
 336.537	 10695
 336.538	 10615
 336.539	 10510
 336.540	 10470
 336.541	 10400
 336.542	 10335
 336.544	 10270
 336.545	 10190
 336.546	 10120
 336.547	 10055
 336.548	 10000
 336.549	 9895
 336.551	 9840
 336.552	 9775
 336.553	 9695
 336.554	 9640
 336.555	 9615
 336.556	 9590
 336.558	 9535
 336.559	 9495
 336.560	 9415
 336.561	 9360
 336.562	 9335
 336.564	 9255
 336.565	 9215
 336.566	 9175
 336.567	 9120
 336.568	 9055
 336.569	 9015
 336.571	 8975
 336.572	 8935
 336.573	 8870
 336.574	 8830
 336.575	 8775
 336.576	 8735
 336.578	 8695
 336.579	 8655
 336.580	 8615
 336.581	 8520
 336.582	 8470
 336.583	 8430
 336.585	 8360
 336.586	 8295
 336.587	 8270
 336.588	 8230
 336.589	 8200
 336.590	 8175
 336.592	 8150
 336.593	 8120
 336.594	 8110
 336.595	 8055
 336.596	 8000
 336.598	 7960
 336.599	 7895
 336.600	 7870
 336.601	 7840
 336.602	 7855
 336.603	 7815
 336.605	 7760
 336.606	 7720
 336.607	 7720
 336.608	 7670
 336.609	 7655
 336.610	 7630
 336.612	 7600
 336.613	 7575
 336.614	 7560
 336.615	 7535
 336.616	 7535
 336.617	 7470
 336.619	 7430
 336.620	 7430
 336.621	 7430
 336.622	 7390
 336.623	 7360
 336.624	 7335
 336.626	 7310
 336.627	 7295
 336.628	 7270
 336.629	 7280
 336.630	 7255
 336.632	 7230
 336.633	 7215
 336.634	 7200
 336.635	 7200
 336.636	 7200
 336.637	 7160
 336.639	 7160
 336.640	 7120
 336.641	 7135
 336.642	 7120
 336.643	 7110
 336.644	 7080
 336.646	 7095
 336.647	 7070
 336.648	 7055
 336.649	 7070
 336.650	 7040
 336.651	 7070
 336.653	 7070
 336.654	 7040
 336.655	 7015
 336.656	 7015
 336.657	 6990
 336.658	 6975
 336.660	 6990
 336.661	 7000
 336.662	 7030
 336.663	 7015
 336.664	 7000
 336.665	 6975
 336.667	 6975
 336.668	 6975
 336.669	 6975
 336.670	 6950
 336.671	 6975
 336.673	 6990
 336.674	 6990
 336.675	 7000
 336.676	 7000
 336.677	 6990
 336.678	 7000
 336.680	 7015
 336.681	 7015
 336.682	 7030
 336.683	 7030
 336.684	 7030
 336.685	 7030
 336.687	 7015
 336.688	 7015
 336.689	 7015
 336.690	 7055
 336.691	 7070
 336.692	 7070
 336.694	 7040
 336.695	 7070
 336.696	 7080
 336.697	 7080
 336.698	 7095
 336.699	 7095
 336.701	 7095
 336.702	 7095
 336.703	 7150
 336.704	 7135
 336.705	 7160
 336.707	 7175
 336.708	 7190
 336.709	 7175
 336.710	 7200
 336.711	 7230
 336.712	 7215
 336.714	 7240
 336.715	 7240
 336.716	 7255
 336.717	 7295
 336.718	 7310
 336.719	 7320
 336.721	 7310
 336.722	 7360
 336.723	 7400
 336.724	 7375
 336.725	 7390
 336.726	 7390
 336.728	 7430
 336.729	 7415
 336.730	 7415
 336.731	 7440
 336.732	 7480
 336.733	 7480
 336.735	 7520
 336.736	 7550
 336.737	 7600
 336.738	 7575
 336.739	 7590
 336.741	 7600
 336.742	 7640
 336.743	 7670
 336.744	 7680
 336.745	 7670
 336.746	 7695
 336.748	 7720
 336.749	 7735
 336.750	 7750
 336.751	 7760
 336.752	 7815
 336.753	 7830
 336.755	 7840
 336.756	 7880
 336.757	 7910
 336.758	 7910
 336.759	 7895
 336.760	 7910
 336.762	 7950
 336.763	 7975
 336.764	 8000
 336.765	 8015
 336.766	 8030
 336.767	 8040
 336.769	 8095
 336.770	 8110
 336.771	 8110
 336.772	 8150
 336.773	 8150
 336.775	 8160
 336.776	 8160
 336.777	 8190
 336.778	 8190
 336.779	 8240
 336.780	 8280
 336.782	 8310
 336.783	 8360
 336.784	 8350
 336.785	 8375
 336.786	 8390
 336.787	 8415
 336.789	 8455
 336.790	 8455
 336.791	 8470
 336.792	 8470
 336.793	 8470
 336.794	 8480
 336.796	 8495
 336.797	 8535
 336.798	 8560
 336.799	 8615
 336.800	 8615
 336.801	 8655
 336.803	 8680
 336.804	 8695
 336.805	 8720
 336.806	 8720
 336.807	 8775
 336.809	 8800
 336.810	 8815
 336.811	 8830
 336.812	 8840
 336.813	 8855
 336.814	 8895
 336.816	 8920
 336.817	 8910
 336.818	 8920
 336.819	 8950
 336.820	 8990
 336.821	 9015
 336.823	 9030
 336.824	 9040
 336.825	 9080
 336.826	 9095
 336.827	 9120
 336.828	 9110
 336.830	 9120
 336.831	 9135
 336.832	 9175
 336.833	 9200
 336.834	 9215
 336.835	 9230
 336.837	 9255
 336.838	 9255
 336.839	 9295
 336.840	 9335
 336.841	 9350
 336.842	 9360
 336.844	 9375
 336.845	 9400
 336.846	 9430
 336.847	 9415
 336.848	 9455
 336.850	 9470
 336.851	 9495
 336.852	 9535
 336.853	 9550
 336.854	 9560
 336.855	 9575
 336.857	 9590
 336.858	 9575
 336.859	 9600
 336.860	 9600
 336.861	 9630
 336.862	 9655
 336.864	 9695
 336.865	 9695
 336.866	 9710
 336.867	 9720
 336.868	 9760
 336.869	 9775
 336.871	 9800
 336.872	 9815
 336.873	 9815
 336.874	 9840
 336.875	 9855
 336.876	 9855
 336.878	 9895
 336.879	 9935
 336.880	 9935
 336.881	 9950
 336.882	 9950
 336.884	 9920
 336.885	 9975
 336.886	 9960
 336.887	 9990
 336.888	 10000
 336.889	 10030
 336.891	 10055
 336.892	 10070
 336.893	 10080
 336.894	 10110
 336.895	 10110
 336.896	 10120
 336.898	 10135
 336.899	 10150
 336.900	 10160
 336.901	 10160
 336.902	 10190
 336.903	 10200
 336.905	 10230
 336.906	 10230
 336.907	 10215
 336.908	 10270
 336.909	 10270
 336.910	 10280
 336.912	 10280
 336.913	 10295
 336.914	 10295
 336.915	 10295
 336.916	 10320
 336.918	 10335
 336.919	 10360
 336.920	 10375
 336.921	 10375
 336.922	 10390
 336.923	 10390
 336.925	 10400
 336.926	 10430
 336.927	 10440
 336.928	 10455
 336.929	 10480
 336.930	 10480
 336.932	 10495
 336.933	 10520
 336.934	 10510
 336.935	 10535
 336.936	 10550
 336.937	 10560
 336.939	 10560
 336.940	 10590
 336.941	 10600
 336.942	 10630
 336.943	 10615
 336.944	 10630
 336.946	 10630
 336.947	 10655
 336.948	 10630
 336.949	 10615
 336.950	 10655
 336.952	 10640
 336.953	 10655
 336.954	 10680
 336.955	 10695
 336.956	 10680
 336.957	 10670
 336.959	 10695
 336.960	 10720
 336.961	 10735
 336.962	 10710
 336.963	 10750
 336.964	 10735
 336.966	 10750
 336.967	 10760
 336.968	 10750
 336.969	 10775
 336.970	 10800
 336.971	 10800
 336.973	 10790
 336.974	 10840
 336.975	 10855
 336.976	 10855
 336.977	 10870
 336.978	 10935
 336.980	 10910
 336.981	 10880
 336.982	 10870
 336.983	 10895
 336.984	 10920
 336.985	 10935
 336.987	 10920
 336.988	 10920
 336.989	 10950
 336.990	 10950
 336.991	 10950
 336.993	 10950
 336.994	 10950
 336.995	 10975
 336.996	 10960
 336.997	 10960
 336.998	 11000
 337.000	 11015
 337.001	 11040
 337.002	 11070
 337.003	 11070
 337.004	 11080
 337.005	 11095
 337.007	 11095
 337.008	 11110
 337.009	 11120
 337.010	 11120
 337.011	 11110
 337.012	 11110
 337.014	 11110
 337.015	 11135
 337.016	 11120
 337.017	 11150
 337.018	 11190
 337.019	 11160
 337.021	 11160
 337.022	 11175
 337.023	 11175
 337.024	 11160
 337.025	 11160
 337.027	 11160
 337.028	 11190
 337.029	 11190
 337.030	 11175
 337.031	 11190
 337.032	 11200
 337.034	 11230
 337.035	 11240
 337.036	 11255
 337.037	 11230
 337.038	 11255
 337.039	 11270
 337.041	 11255
 337.042	 11280
 337.043	 11310
 337.044	 11295
 337.045	 11295
 337.046	 11320
 337.048	 11310
 337.049	 11335
 337.050	 11350
 337.051	 11375
 337.052	 11375
 337.053	 11375
 337.055	 11390
 337.056	 11415
 337.057	 11415
 337.058	 11430
 337.059	 11440
 337.061	 11470
 337.062	 11470
 337.063	 11455
 337.064	 11470
 337.065	 11510
 337.066	 11510
 337.068	 11510
 337.069	 11495
 337.070	 11495
 337.071	 11495
 337.072	 11510
 337.073	 11535
 337.075	 11535
 337.076	 11535
 337.077	 11560
 337.078	 11560
 337.079	 11560
 337.080	 11550
 337.082	 11560
 337.083	 11575
 337.084	 11615
 337.085	 11630
 337.086	 11655
 337.087	 11655
 337.089	 11670
 337.090	 11670
 337.091	 11670
 337.092	 11695
 337.093	 11680
 337.095	 11710
 337.096	 11735
 337.097	 11720
 337.098	 11710
 337.099	 11735
 337.100	 11760
 337.102	 11775
 337.103	 11790
 337.104	 11800
 337.105	 11815
 337.106	 11830
 337.107	 11815
 337.109	 11800
 337.110	 11800
 337.111	 11840
 337.112	 11855
 337.113	 11840
 337.114	 11840
 337.116	 11830
 337.117	 11840
 337.118	 11855
 337.119	 11880
 337.120	 11880
 337.121	 11895
 337.123	 11910
 337.124	 11935
 337.125	 11920
 337.126	 11950
 337.127	 11950
 337.129	 11975
 337.130	 11960
 337.131	 11990
 337.132	 12000
 337.133	 12015
 337.134	 12040
 337.136	 12015
 337.137	 12030
 337.138	 12040
 337.139	 12040
 337.140	 12055
 337.141	 12080
 337.143	 12070
 337.144	 12080
 337.145	 12080
 337.146	 12095
 337.147	 12110
 337.148	 12095
 337.150	 12135
 337.151	 12150
 337.152	 12190
 337.153	 12190
 337.154	 12200
 337.155	 12190
 337.157	 12190
 337.158	 12200
 337.159	 12215
 337.160	 12240
 337.161	 12255
 337.162	 12255
 337.164	 12295
 337.165	 12320
 337.166	 12310
 337.167	 12280
 337.168	 12280
 337.170	 12295
 337.171	 12320
 337.172	 12335
 337.173	 12335
 337.174	 12350
 337.175	 12375
 337.177	 12375
 337.178	 12400
 337.179	 12415
 337.180	 12430
 337.181	 12455
 337.182	 12470
 337.184	 12470
 337.185	 12470
 337.186	 12470
 337.187	 12480
 337.188	 12455
 337.189	 12480
 337.191	 12495
 337.192	 12495
 337.193	 12510
 337.194	 12520
 337.195	 12535
 337.196	 12560
 337.198	 12600
 337.199	 12615
 337.200	 12600
 337.201	 12600
 337.202	 12615
 337.204	 12655
 337.205	 12640
 337.206	 12630
 337.207	 12640
 337.208	 12670
 337.209	 12680
 337.211	 12680
 337.212	 12695
 337.213	 12710
 337.214	 12720
 337.215	 12750
 337.216	 12750
 337.218	 12750
 337.219	 12750
 337.220	 12775
 337.221	 12800
 337.222	 12815
 337.223	 12840
 337.225	 12830
 337.226	 12840
 337.227	 12840
 337.228	 12855
 337.229	 12870
 337.230	 12895
 337.232	 12910
 337.233	 12910
 337.234	 12910
 337.235	 12910
 337.236	 12910
 337.238	 12910
 337.239	 12950
 337.240	 12960
 337.241	 12975
 337.242	 13015
 337.243	 13000
 337.245	 13000
 337.246	 13000
 337.247	 13030
 337.248	 13015
 337.249	 13040
 337.250	 13070
 337.252	 13070
 337.253	 13070
 337.254	 13080
 337.255	 13070
 337.256	 13110
 337.257	 13120
 337.259	 13120
 337.260	 13110
 337.261	 13135
 337.262	 13150
 337.263	 13150
 337.264	 13190
 337.266	 13190
 337.267	 13200
 337.268	 13190
 337.269	 13200
 337.270	 13200
 337.272	 13215
 337.273	 13230
 337.274	 13230
 337.275	 13230
 337.276	 13255
 337.277	 13240
 337.279	 13255
 337.280	 13240
 337.281	 13270
 337.282	 13310
 337.283	 13335
 337.284	 13360
 337.286	 13360
 337.287	 13375
 337.288	 13360
 337.289	 13375
 337.290	 13390
 337.291	 13400
 337.293	 13400
 337.294	 13430
 337.295	 13415
 337.296	 13455
 337.297	 13455
 337.298	 13440
 337.300	 13480
 337.301	 13455
 337.302	 13495
 337.303	 13470
 337.304	 13480
 337.305	 13510
 337.307	 13535
 337.308	 13535
 337.309	 13520
 337.310	 13520
 337.311	 13520
 337.313	 13550
 337.314	 13560
 337.315	 13550
 337.316	 13550
 337.317	 13575
 337.318	 13590
 337.320	 13575
 337.321	 13590
 337.322	 13600
 337.323	 13615
 337.324	 13630
 337.325	 13640
 337.327	 13655
 337.328	 13670
 337.329	 13670
 337.330	 13695
 337.331	 13695
 337.332	 13720
 337.334	 13750
 337.335	 13750
 337.336	 13735
 337.337	 13720
 337.338	 13735
 337.339	 13775
 337.341	 13760
 337.342	 13775
 337.343	 13790
 337.344	 13775
 337.345	 13815
 337.347	 13830
 337.348	 13790
 337.349	 13790
 337.350	 13800
 337.351	 13830
 337.352	 13830
 337.354	 13840
 337.355	 13830
 337.356	 13870
 337.357	 13895
 337.358	 13910
 337.359	 13910
 337.361	 13910
 337.362	 13920
 337.363	 13910
 337.364	 13920
 337.365	 13950
 337.366	 13960
 337.368	 13920
 337.369	 13935
 337.370	 13935
 337.371	 13950
 337.372	 13950
 337.373	 13975
 337.375	 13990
 337.376	 13975
 337.377	 13990
 337.378	 13990
 337.379	 13990
 337.381	 14000
 337.382	 14000
 337.383	 14000
 337.384	 14070
 337.385	 14080
 337.386	 14070
 337.388	 14070
 337.389	 14080
 337.390	 14120
 337.391	 14120
 337.392	 14120
 337.393	 14110
 337.395	 14110
 337.396	 14095
 337.397	 14110
 337.398	 14120
 337.399	 14135
 337.400	 14160
 337.402	 14190
 337.403	 14200
 337.404	 14190
 337.405	 14160
 337.406	 14190
 337.407	 14175
 337.409	 14160
 337.410	 14215
 337.411	 14240
 337.412	 14230
 337.413	 14230
 337.415	 14215
 337.416	 14230
 337.417	 14230
 337.418	 14240
 337.419	 14255
 337.420	 14240
 337.422	 14215
 337.423	 14240
 337.424	 14280
 337.425	 14280
 337.426	 14280
 337.427	 14295
 337.429	 14320
 337.430	 14335
 337.431	 14335
 337.432	 14320
 337.433	 14310
 337.434	 14335
 337.436	 14295
 337.437	 14335
 337.438	 14350
 337.439	 14350
 337.440	 14375
 337.441	 14375
 337.443	 14390
 337.444	 14375
 337.445	 14375
 337.446	 14375
 337.447	 14415
 337.449	 14400
 337.450	 14415
 337.451	 14415
 337.452	 14415
 337.453	 14440
 337.454	 14440
 337.456	 14440
 337.457	 14440
 337.458	 14455
 337.459	 14455
 337.460	 14455
 337.461	 14455
 337.463	 14440
 337.464	 14470
 337.465	 14470
 337.466	 14510
 337.467	 14510
 337.468	 14495
 337.470	 14520
 337.471	 14520
 337.472	 14510
 337.473	 14495
 337.474	 14535
 337.475	 14535
 337.477	 14520
 337.478	 14520
 337.479	 14550
 337.480	 14550
 337.481	 14560
 337.482	 14560
 337.484	 14560
 337.485	 14575
 337.486	 14590
 337.487	 14550
 337.488	 14550
 337.490	 14575
 337.491	 14590
 337.492	 14600
 337.493	 14600
 337.494	 14615
 337.495	 14630
 337.497	 14630
 337.498	 14630
 337.499	 14630
 337.500	 14655
 337.501	 14655
 337.502	 14670
 337.504	 14655
 337.505	 14655
 337.506	 14655
 337.507	 14655
 337.508	 14655
 337.509	 14630
 337.511	 14640
 337.512	 14655
 337.513	 14670
 337.514	 14670
 337.515	 14695
 337.516	 14710
 337.518	 14720
 337.519	 14720
 337.520	 14710
 337.521	 14720
 337.522	 14735
 337.524	 14720
 337.525	 14735
 337.526	 14710
 337.527	 14735
 337.528	 14735
 337.529	 14680
 337.531	 14695
 337.532	 14695
 337.533	 14735
 337.534	 14735
 337.535	 14735
 337.536	 14750
 337.538	 14760
 337.539	 14760
 337.540	 14775
 337.541	 14800
 337.542	 14800
 337.543	 14800
 337.545	 14815
 337.546	 14790
 337.547	 14775
 337.548	 14790
 337.549	 14790
 337.550	 14790
 337.552	 14790
 337.553	 14800
 337.554	 14800
 337.555	 14830
 337.556	 14830
 337.558	 14840
 337.559	 14840
 337.560	 14840
 337.561	 14840
 337.562	 14830
 337.563	 14840
 337.565	 14870
 337.566	 14870
 337.567	 14840
 337.568	 14870
 337.569	 14880
 337.570	 14870
 337.572	 14880
 337.573	 14870
 337.574	 14895
 337.575	 14880
 337.576	 14895
 337.577	 14870
 337.579	 14880
 337.580	 14880
 337.581	 14895
 337.582	 14880
 337.583	 14895
 337.584	 14880
 337.586	 14910
 337.587	 14910
 337.588	 14935
 337.589	 14935
 337.590	 14935
 337.592	 14920
 337.593	 14920
 337.594	 14935
 337.595	 14920
 337.596	 14935
 337.597	 14910
 337.599	 14950
 337.600	 14960
 337.601	 14950
 337.602	 14950
 337.603	 14950
 337.604	 14950
 337.606	 14975
 337.607	 15000
 337.608	 14990
 337.609	 14975
 337.610	 14960
 337.611	 14975
 337.613	 14975
 337.614	 14990
 337.615	 14975
 337.616	 14975
 337.617	 14990
 337.618	 14990
 337.620	 15000
 337.621	 14990
 337.622	 15000
 337.623	 15015
 337.624	 15040
 337.625	 15040
 337.627	 15030
 337.628	 15015
 337.629	 15030
 337.630	 15055
 337.631	 15040
 337.633	 15030
 337.634	 15040
 337.635	 15040
 337.636	 15055
 337.637	 15070
 337.638	 15070
 337.640	 15040
 337.641	 15030
 337.642	 15040
 337.643	 15040
 337.644	 15030
 337.645	 15070
 337.647	 15080
 337.648	 15095
 337.649	 15080
 337.650	 15055
 337.651	 15080
 337.652	 15070
 337.654	 15040
 337.655	 15070
 337.656	 15070
 337.657	 15080
 337.658	 15055
 337.659	 15080
 337.661	 15080
 337.662	 15095
 337.663	 15095
 337.664	 15080
 337.665	 15095
 337.667	 15120
 337.668	 15120
 337.669	 15110
 337.670	 15095
 337.671	 15110
 337.672	 15095
 337.674	 15110
 337.675	 15110
 337.676	 15135
 337.677	 15135
 337.678	 15150
 337.679	 15135
 337.681	 15150
 337.682	 15150
 337.683	 15120
 337.684	 15135
 337.685	 15150
 337.686	 15160
 337.688	 15150
 337.689	 15150
 337.690	 15160
 337.691	 15160
 337.692	 15160
 337.693	 15160
 337.695	 15150
 337.696	 15150
 337.697	 15160
 337.698	 15150
 337.699	 15135
 337.701	 15160
 337.702	 15190
 337.703	 15175
 337.704	 15190
 337.705	 15190
 337.706	 15175
 337.708	 15200
 337.709	 15160
 337.710	 15175
 337.711	 15175
 337.712	 15160
 337.713	 15160
 337.715	 15175
 337.716	 15175
 337.717	 15175
 337.718	 15190
 337.719	 15190
 337.720	 15190
 337.722	 15190
 337.723	 15190
 337.724	 15175
 337.725	 15200
 337.726	 15190
 337.727	 15215
 337.729	 15215
 337.730	 15200
 337.731	 15230
 337.732	 15230
 337.733	 15230
 337.735	 15190
 337.736	 15200
 337.737	 15230
 337.738	 15230
 337.739	 15240
 337.740	 15230
 337.742	 15230
 337.743	 15240
 337.744	 15230
 337.745	 15230
 337.746	 15230
 337.747	 15215
 337.749	 15230
 337.750	 15240
 337.751	 15255
 337.752	 15255
 337.753	 15255
 337.754	 15240
 337.756	 15240
 337.757	 15270
 337.758	 15280
 337.759	 15270
 337.760	 15240
 337.761	 15280
 337.763	 15280
 337.764	 15280
 337.765	 15255
 337.766	 15270
 337.767	 15255
 337.769	 15255
 337.770	 15255
 337.771	 15255
 337.772	 15270
 337.773	 15255
 337.774	 15240
 337.776	 15255
 337.777	 15255
 337.778	 15295
 337.779	 15295
 337.780	 15320
 337.781	 15350
 337.783	 15295
 337.784	 15280
 337.785	 15270
 337.786	 15270
 337.787	 15270
 337.788	 15270
 337.790	 15240
 337.791	 15270
 337.792	 15270
 337.793	 15255
 337.794	 15255
 337.795	 15270
 337.797	 15280
 337.798	 15310
 337.799	 15270
 337.800	 15310
 337.801	 15310
 337.802	 15320
 337.804	 15320
 337.805	 15310
 337.806	 15295
 337.807	 15280
 337.808	 15280
 337.810	 15270
 337.811	 15310
 337.812	 15295
 337.813	 15335
 337.814	 15320
 337.815	 15310
 337.817	 15310
 337.818	 15320
 337.819	 15320
 337.820	 15310
 337.821	 15280
 337.822	 15320
 337.824	 15350
 337.825	 15350
 337.826	 15335
 337.827	 15335
 337.828	 15320
 337.829	 15320
 337.831	 15335
 337.832	 15320
 337.833	 15335
 337.834	 15350
 337.835	 15335
 337.836	 15320
 337.838	 15350
 337.839	 15350
 337.840	 15390
 337.841	 15375
 337.842	 15360
 337.844	 15360
 337.845	 15360
 337.846	 15350
 337.847	 15350
 337.848	 15360
 337.849	 15350
 337.851	 15350
 337.852	 15335
 337.853	 15350
 337.854	 15360
 337.855	 15375
 337.856	 15390
 337.858	 15390
 337.859	 15400
 337.860	 15375
 337.861	 15375
 337.862	 15375
 337.863	 15350
 337.865	 15360
 337.866	 15360
 337.867	 15375
 337.868	 15400
 337.869	 15400
 337.870	 15390
 337.872	 15375
 337.873	 15375
 337.874	 15360
 337.875	 15375
 337.876	 15360
 337.878	 15360
 337.879	 15350
 337.880	 15390
 337.881	 15390
 337.882	 15375
 337.883	 15390
 337.885	 15400
 337.886	 15400
 337.887	 15375
 337.888	 15375
 337.889	 15375
 337.890	 15390
 337.892	 15390
 337.893	 15400
 337.894	 15400
 337.895	 15400
 337.896	 15400
 337.897	 15390
 337.899	 15390
 337.900	 15400
 337.901	 15415
 337.902	 15390
 337.903	 15390
 337.904	 15400
 337.906	 15400
 337.907	 15415
 337.908	 15430
 337.909	 15430
 337.910	 15400
 337.912	 15400
 337.913	 15455
 337.914	 15455
 337.915	 15440
 337.916	 15440
 337.917	 15415
 337.919	 15440
 337.920	 15430
 337.921	 15400
 337.922	 15415
 337.923	 15430
 337.924	 15400
 337.926	 15430
 337.927	 15415
 337.928	 15430
 337.929	 15440
 337.930	 15415
 337.931	 15390
 337.933	 15400
 337.934	 15390
 337.935	 15390
 337.936	 15390
 337.937	 15415
 337.938	 15440
 337.940	 15455
 337.941	 15455
 337.942	 15440
 337.943	 15430
 337.944	 15430
 337.945	 15430
 337.947	 15440
 337.948	 15455
 337.949	 15430
 337.950	 15440
 337.951	 15430
 337.953	 15415
 337.954	 15440
 337.955	 15400
 337.956	 15430
 337.957	 15430
 337.958	 15455
 337.960	 15430
 337.961	 15430
 337.962	 15455
 337.963	 15470
 337.964	 15430
 337.965	 15400
 337.967	 15440
 337.968	 15455
 337.969	 15470
 337.970	 15470
 337.971	 15455
 337.972	 15440
 337.974	 15470
 337.975	 15480
 337.976	 15470
 337.977	 15470
 337.978	 15470
 337.979	 15495
 337.981	 15480
 337.982	 15455
 337.983	 15415
 337.984	 15430
 337.985	 15430
 337.987	 15455
 337.988	 15480
 337.989	 15480
 337.990	 15455
 337.991	 15470
 337.992	 15480
 337.994	 15455
 337.995	 15470
 337.996	 15470
 337.997	 15480
 337.998	 15455
 337.999	 15470
 338.001	 15495
 338.002	 15480
 338.003	 15455
 338.004	 15440
 338.005	 15455
 338.006	 15510
 338.008	 15480
 338.009	 15480
 338.010	 15440
 338.011	 15455
 338.012	 15440
 338.013	 15440
 338.015	 15470
 338.016	 15470
 338.017	 15480
 338.018	 15510
 338.019	 15520
 338.021	 15495
 338.022	 15520
 338.023	 15480
 338.024	 15495
 338.025	 15510
 338.026	 15510
 338.028	 15495
 338.029	 15495
 338.030	 15480
 338.031	 15480
 338.032	 15480
 338.033	 15480
 338.035	 15470
 338.036	 15480
 338.037	 15480
 338.038	 15455
 338.039	 15470
 338.040	 15455
 338.042	 15480
 338.043	 15470
 338.044	 15470
 338.045	 15495
 338.046	 15510
 338.047	 15495
 338.049	 15510
 338.050	 15535
 338.051	 15520
 338.052	 15510
 338.053	 15480
 338.055	 15480
 338.056	 15495
 338.057	 15510
 338.058	 15510
 338.059	 15495
 338.060	 15470
 338.062	 15495
 338.063	 15510
 338.064	 15520
 338.065	 15520
 338.066	 15495
 338.067	 15520
 338.069	 15510
 338.070	 15510
 338.071	 15495
 338.072	 15510
 338.073	 15510
 338.074	 15535
 338.076	 15550
 338.077	 15550
 338.078	 15535
 338.079	 15550
 338.080	 15535
 338.081	 15520
 338.083	 15510
 338.084	 15480
 338.085	 15495
 338.086	 15520
 338.087	 15550
 338.089	 15520
 338.090	 15510
 338.091	 15510
 338.092	 15495
 338.093	 15480
 338.094	 15510
 338.096	 15520
 338.097	 15535
 338.098	 15550
 338.099	 15535
 338.100	 15520
 338.101	 15510
 338.103	 15520
 338.104	 15520
 338.105	 15520
 338.106	 15535
 338.107	 15510
 338.108	 15510
 338.110	 15520
 338.111	 15535
 338.112	 15520
 338.113	 15520
 338.114	 15520
 338.115	 15520
 338.117	 15520
 338.118	 15520
 338.119	 15535
 338.120	 15495
 338.121	 15495
 338.122	 15495
 338.124	 15520
 338.125	 15535
 338.126	 15520
 338.127	 15535
 338.128	 15520
 338.130	 15550
 338.131	 15550
 338.132	 15550
 338.133	 15560
 338.134	 15575
 338.135	 15560
 338.137	 15560
 338.138	 15520
 338.139	 15535
 338.140	 15520
 338.141	 15535
 338.142	 15550
 338.144	 15575
 338.145	 15560
 338.146	 15535
 338.147	 15495
 338.148	 15495
 338.149	 15495
 338.151	 15520
 338.152	 15520
 338.153	 15535
 338.154	 15520
 338.155	 15510
 338.156	 15535
 338.158	 15520
 338.159	 15535
 338.160	 15550
 338.161	 15550
 338.162	 15550
 338.164	 15535
 338.165	 15535
 338.166	 15535
 338.167	 15520
 338.168	 15520
 338.169	 15535
 338.171	 15590
 338.172	 15590
 338.173	 15575
 338.174	 15575
 338.175	 15550
 338.176	 15535
 338.178	 15560
 338.179	 15550
 338.180	 15550
 338.181	 15560
 338.182	 15590
 338.183	 15600
 338.185	 15590
 338.186	 15560
 338.187	 15550
 338.188	 15550
 338.189	 15550
 338.190	 15550
 338.192	 15560
 338.193	 15550
 338.194	 15550
 338.195	 15560
 338.196	 15575
 338.198	 15590
 338.199	 15590
 338.200	 15575
 338.201	 15560
 338.202	 15560
 338.203	 15560
 338.205	 15560
 338.206	 15550
 338.207	 15520
 338.208	 15575
 338.209	 15560
 338.210	 15560
 338.212	 15535
 338.213	 15550
 338.214	 15535
 338.215	 15535
 338.216	 15550
 338.217	 15560
 338.219	 15560
 338.220	 15575
 338.221	 15560
 338.222	 15575
 338.223	 15575
 338.224	 15575
 338.226	 15575
 338.227	 15590
 338.228	 15575
 338.229	 15575
 338.230	 15600
 338.232	 15600
 338.233	 15590
 338.234	 15590
 338.235	 15575
 338.236	 15575
 338.237	 15575
 338.239	 15560
 338.240	 15560
 338.241	 15575
 338.242	 15600
 338.243	 15575
 338.244	 15575
 338.246	 15575
 338.247	 15575
 338.248	 15575
 338.249	 15590
 338.250	 15575
 338.251	 15600
 338.253	 15600
 338.254	 15590
 338.255	 15575
 338.256	 15575
 338.257	 15575
 338.258	 15590
 338.260	 15575
 338.261	 15575
 338.262	 15590
 338.263	 15590
 338.264	 15575
 338.265	 15590
 338.267	 15590
 338.268	 15575
 338.269	 15575
 338.270	 15560
 338.271	 15590
 338.273	 15600
 338.274	 15615
 338.275	 15630
 338.276	 15590
 338.277	 15590
 338.278	 15575
 338.280	 15575
 338.281	 15600
 338.282	 15615
 338.283	 15590
 338.284	 15615
 338.285	 15600
 338.287	 15590
 338.288	 15575
 338.289	 15560
 338.290	 15575
 338.291	 15575
 338.292	 15590
 338.294	 15590
 338.295	 15590
 338.296	 15590
 338.297	 15590
 338.298	 15600
 338.299	 15630
 338.301	 15600
 338.302	 15600
 338.303	 15600
 338.304	 15600
 338.305	 15600
 338.307	 15615
 338.308	 15615
 338.309	 15615
 338.310	 15590
 338.311	 15575
 338.312	 15575
 338.314	 15600
 338.315	 15630
 338.316	 15630
 338.317	 15615
 338.318	 15600
 338.319	 15590
 338.321	 15600
 338.322	 15600
 338.323	 15575
 338.324	 15575
 338.325	 15615
 338.326	 15600
 338.328	 15615
 338.329	 15640
 338.330	 15630
 338.331	 15615
 338.332	 15615
 338.333	 15600
 338.335	 15600
 338.336	 15600
 338.337	 15600
 338.338	 15615
 338.339	 15600
 338.341	 15600
 338.342	 15575
 338.343	 15600
 338.344	 15600
 338.345	 15615
 338.346	 15630
 338.348	 15640
 338.349	 15630
 338.350	 15640
 338.351	 15600
 338.352	 15615
 338.353	 15615
 338.355	 15615
 338.356	 15630
 338.357	 15600
 338.358	 15615
 338.359	 15590
 338.360	 15615
 338.362	 15590
 338.363	 15630
 338.364	 15630
 338.365	 15615
 338.366	 15590
 338.367	 15590
 338.369	 15615
 338.370	 15600
 338.371	 15600
 338.372	 15630
 338.373	 15640
 338.375	 15640
 338.376	 15655
 338.377	 15640
 338.378	 15640
 338.379	 15655
 338.380	 15655
 338.382	 15640
 338.383	 15615
 338.384	 15630
 338.385	 15640
 338.386	 15640
 338.387	 15640
 338.389	 15630
 338.390	 15600
 338.391	 15615
 338.392	 15615
 338.393	 15600
 338.394	 15600
 338.396	 15600
 338.397	 15600
 338.398	 15615
 338.399	 15630
 338.400	 15615
 338.401	 15640
 338.403	 15615
 338.404	 15600
 338.405	 15600
 338.406	 15630
 338.407	 15640
 338.409	 15630
 338.410	 15615
 338.411	 15615
 338.412	 15615
 338.413	 15615
 338.414	 15630
 338.416	 15590
 338.417	 15590
 338.418	 15590
 338.419	 15600
 338.420	 15630
 338.421	 15630
 338.423	 15630
 338.424	 15615
 338.425	 15640
 338.426	 15655
 338.427	 15655
 338.428	 15640
 338.430	 15640
 338.431	 15640
 338.432	 15670
 338.433	 15670
 338.434	 15655
 338.435	 15655
 338.437	 15655
 338.438	 15630
 338.439	 15655
 338.440	 15655
 338.441	 15655
 338.442	 15640
 338.444	 15655
 338.445	 15640
 338.446	 15655
 338.447	 15630
 338.448	 15640
 338.450	 15630
 338.451	 15615
 338.452	 15615
 338.453	 15600
 338.454	 15615
 338.455	 15630
 338.457	 15630
 338.458	 15630
 338.459	 15615
 338.460	 15640
 338.461	 15640
 338.462	 15630
 338.464	 15640
 338.465	 15640
 338.466	 15630
 338.467	 15630
 338.468	 15670
 338.469	 15640
 338.471	 15655
 338.472	 15670
 338.473	 15680
 338.474	 15670
 338.475	 15680
 338.476	 15680
 338.478	 15655
 338.479	 15640
 338.480	 15655
 338.481	 15640
 338.482	 15640
 338.484	 15670
 338.485	 15640
 338.486	 15640
 338.487	 15630
 338.488	 15630
 338.489	 15670
 338.491	 15670
 338.492	 15655
 338.493	 15655
 338.494	 15670
 338.495	 15655
 338.496	 15655
 338.498	 15640
 338.499	 15670
 338.500	 15655
 338.501	 15630
 338.502	 15640
 338.503	 15670
 338.505	 15670
 338.506	 15640
 338.507	 15640
 338.508	 15655
 338.509	 15680
 338.510	 15680
 338.512	 15680
 338.513	 15670
 338.514	 15670
 338.515	 15680
 338.516	 15640
 338.518	 15640
 338.519	 15630
 338.520	 15655
 338.521	 15640
 338.522	 15655
 338.523	 15670
 338.525	 15640
 338.526	 15640
 338.527	 15670
 338.528	 15655
 338.529	 15695
 338.530	 15680
 338.532	 15680
 338.533	 15655
 338.534	 15670
 338.535	 15655
 338.536	 15640
 338.537	 15655
 338.539	 15640
 338.540	 15640
 338.541	 15670
 338.542	 15680
 338.543	 15680
 338.544	 15655
 338.546	 15640
 338.547	 15670
 338.548	 15670
 338.549	 15695
 338.550	 15695
 338.552	 15710
 338.553	 15695
 338.554	 15670
 338.555	 15670
 338.556	 15680
 338.557	 15640
 338.559	 15640
 338.560	 15640
 338.561	 15670
 338.562	 15655
 338.563	 15640
 338.564	 15640
 338.566	 15630
 338.567	 15615
 338.568	 15615
 338.569	 15640
 338.570	 15655
 338.571	 15670
 338.573	 15680
 338.574	 15670
 338.575	 15640
 338.576	 15695
 338.577	 15680
 338.578	 15680
 338.580	 15695
 338.581	 15710
 338.582	 15695
 338.583	 15680
 338.584	 15680
 338.585	 15670
 338.587	 15680
 338.588	 15655
 338.589	 15695
 338.590	 15695
 338.591	 15680
 338.593	 15680
 338.594	 15680
 338.595	 15680
 338.596	 15670
 338.597	 15695
 338.598	 15670
 338.600	 15655
 338.601	 15655
 338.602	 15655
 338.603	 15655
 338.604	 15670
 338.605	 15680
 338.607	 15670
 338.608	 15640
 338.609	 15655
 338.610	 15670
 338.611	 15655
 338.612	 15655
 338.614	 15670
 338.615	 15655
 338.616	 15670
 338.617	 15680
 338.618	 15695
 338.619	 15655
 338.621	 15670
 338.622	 15655
 338.623	 15670
 338.624	 15655
 338.625	 15655
 338.627	 15655
 338.628	 15680
 338.629	 15680
 338.630	 15695
 338.631	 15680
 338.632	 15670
 338.634	 15640
 338.635	 15655
 338.636	 15640
 338.637	 15655
 338.638	 15680
 338.639	 15680
 338.641	 15655
 338.642	 15670
 338.643	 15655
 338.644	 15655
 338.645	 15670
 338.646	 15680
 338.648	 15670
 338.649	 15670
 338.650	 15670
 338.651	 15670
 338.652	 15655
 338.653	 15655
 338.655	 15695
 338.656	 15680
 338.657	 15670
 338.658	 15655
 338.659	 15640
 338.661	 15655
 338.662	 15670
 338.663	 15670
 338.664	 15695
 338.665	 15670
 338.666	 15680
 338.668	 15670
 338.669	 15670
 338.670	 15655
 338.671	 15670
 338.672	 15670
 338.673	 15680
 338.675	 15680
 338.676	 15670
 338.677	 15710
 338.678	 15695
 338.679	 15695
 338.680	 15670
 338.682	 15680
 338.683	 15680
 338.684	 15680
 338.685	 15670
 338.686	 15680
 338.687	 15670
 338.689	 15670
 338.690	 15655
 338.691	 15670
 338.692	 15655
 338.693	 15670
 338.695	 15680
 338.696	 15670
 338.697	 15680
 338.698	 15680
 338.699	 15710
 338.700	 15695
 338.702	 15680
 338.703	 15695
 338.704	 15695
 338.705	 15670
 338.706	 15655
 338.707	 15670
 338.709	 15655
 338.710	 15680
 338.711	 15680
 338.712	 15710
 338.713	 15680
 338.714	 15655
 338.716	 15655
 338.717	 15640
 338.718	 15670
 338.719	 15680
 338.720	 15710
 338.721	 15735
 338.723	 15695
 338.724	 15695
 338.725	 15695
 338.726	 15680
 338.727	 15640
 338.729	 15670
 338.730	 15680
 338.731	 15680
 338.732	 15670
 338.733	 15670
 338.734	 15680
 338.736	 15680
 338.737	 15670
 338.738	 15670
 338.739	 15680
 338.740	 15695
 338.741	 15695
 338.743	 15655
 338.744	 15670
 338.745	 15670
 338.746	 15710
 338.747	 15695
 338.748	 15680
 338.750	 15655
 338.751	 15640
 338.752	 15670
 338.753	 15695
 338.754	 15670
 338.755	 15670
 338.757	 15640
 338.758	 15640
 338.759	 15655
 338.760	 15670
 338.761	 15680
 338.762	 15680
 338.764	 15680
 338.765	 15680
 338.766	 15655
 338.767	 15670
 338.768	 15655
 338.770	 15670
 338.771	 15680
 338.772	 15710
 338.773	 15670
 338.774	 15680
 338.775	 15695
 338.777	 15695
 338.778	 15695
 338.779	 15680
 338.780	 15680
 338.781	 15680
 338.782	 15655
 338.784	 15655
 338.785	 15670
 338.786	 15670
 338.787	 15680
 338.788	 15655
 338.789	 15655
 338.791	 15680
 338.792	 15720
 338.793	 15720
 338.794	 15710
 338.795	 15695
 338.796	 15695
 338.798	 15680
 338.799	 15710
 338.800	 15695
