field	cf4d.spe
 334.000	
 334.001	 16135
 334.002	 16135
 334.004	 16135
 334.005	 16160
 334.006	 16150
 334.007	 16150
 334.008	 16200
 334.009	 16200
 334.011	 16175
 334.012	 16120
 334.013	 16135
 334.014	 16160
 334.015	 16150
 334.016	 16175
 334.018	 16175
 334.019	 16150
 334.020	 16150
 334.021	 16150
 334.022	 16150
 334.023	 16150
 334.025	 16190
 334.026	 16190
 334.027	 16190
 334.028	 16190
 334.029	 16175
 334.030	 16150
 334.032	 16135
 334.033	 16120
 334.034	 16120
 334.035	 16135
 334.036	 16150
 334.038	 16135
 334.039	 16135
 334.040	 16175
 334.041	 16215
 334.042	 16200
 334.043	 16200
 334.045	 16190
 334.046	 16150
 334.047	 16160
 334.048	 16175
 334.049	 16160
 334.050	 16135
 334.052	 16135
 334.053	 16135
 334.054	 16160
 334.055	 16175
 334.056	 16175
 334.057	 16175
 334.059	 16150
 334.060	 16150
 334.061	 16150
 334.062	 16190
 334.063	 16215
 334.064	 16215
 334.066	 16175
 334.067	 16190
 334.068	 16190
 334.069	 16190
 334.070	 16200
 334.072	 16175
 334.073	 16150
 334.074	 16190
 334.075	 16175
 334.076	 16150
 334.077	 16120
 334.079	 16135
 334.080	 16150
 334.081	 16120
 334.082	 16160
 334.083	 16190
 334.084	 16175
 334.086	 16215
 334.087	 16200
 334.088	 16160
 334.089	 16150
 334.090	 16135
 334.091	 16135
 334.093	 16120
 334.094	 16135
 334.095	 16150
 334.096	 16160
 334.097	 16160
 334.098	 16150
 334.100	 16120
 334.101	 16150
 334.102	 16150
 334.103	 16175
 334.104	 16215
 334.105	 16215
 334.107	 16215
 334.108	 16200
 334.109	 16150
 334.110	 16175
 334.111	 16190
 334.113	 16175
 334.114	 16190
 334.115	 16150
 334.116	 16160
 334.117	 16150
 334.118	 16160
 334.120	 16150
 334.121	 16135
 334.122	 16135
 334.123	 16175
 334.124	 16175
 334.125	 16160
 334.127	 16175
 334.128	 16200
 334.129	 16215
 334.130	 16150
 334.131	 16120
 334.132	 16160
 334.134	 16160
 334.135	 16150
 334.136	 16175
 334.137	 16175
 334.138	 16150
 334.139	 16160
 334.141	 16190
 334.142	 16175
 334.143	 16175
 334.144	 16190
 334.145	 16175
 334.147	 16175
 334.148	 16160
 334.149	 16160
 334.150	 16175
 334.151	 16160
 334.152	 16150
 334.154	 16160
 334.155	 16160
 334.156	 16200
 334.157	 16175
 334.158	 16175
 334.159	 16190
 334.161	 16160
 334.162	 16150
 334.163	 16120
 334.164	 16135
 334.165	 16160
 334.166	 16135
 334.168	 16190
 334.169	 16215
 334.170	 16200
 334.171	 16175
 334.172	 16160
 334.173	 16150
 334.175	 16150
 334.176	 16135
 334.177	 16175
 334.178	 16190
 334.179	 16175
 334.181	 16190
 334.182	 16190
 334.183	 16190
 334.184	 16175
 334.185	 16175
 334.186	 16150
 334.188	 16160
 334.189	 16175
 334.190	 16160
 334.191	 16160
 334.192	 16160
 334.193	 16190
 334.195	 16190
 334.196	 16230
 334.197	 16200
 334.198	 16190
 334.199	 16190
 334.200	 16135
 334.202	 16120
 334.203	 16135
 334.204	 16175
 334.205	 16190
 334.206	 16175
 334.207	 16150
 334.209	 16160
 334.210	 16150
 334.211	 16150
 334.212	 16135
 334.213	 16160
 334.215	 16175
 334.216	 16150
 334.217	 16175
 334.218	 16175
 334.219	 16190
 334.220	 16175
 334.222	 16190
 334.223	 16200
 334.224	 16175
 334.225	 16175
 334.226	 16190
 334.227	 16190
 334.229	 16160
 334.230	 16160
 334.231	 16190
 334.232	 16200
 334.233	 16240
 334.234	 16190
 334.236	 16190
 334.237	 16175
 334.238	 16175
 334.239	 16200
 334.240	 16230
 334.241	 16200
 334.243	 16215
 334.244	 16200
 334.245	 16175
 334.246	 16175
 334.247	 16190
 334.249	 16200
 334.250	 16175
 334.251	 16135
 334.252	 16135
 334.253	 16150
 334.254	 16160
 334.256	 16150
 334.257	 16160
 334.258	 16160
 334.259	 16150
 334.260	 16160
 334.261	 16175
 334.263	 16240
 334.264	 16240
 334.265	 16215
 334.266	 16200
 334.267	 16200
 334.268	 16175
 334.270	 16190
 334.271	 16190
 334.272	 16175
 334.273	 16175
 334.274	 16215
 334.275	 16190
 334.277	 16190
 334.278	 16190
 334.279	 16175
 334.280	 16190
 334.281	 16160
 334.282	 16190
 334.284	 16150
 334.285	 16190
 334.286	 16200
 334.287	 16190
 334.288	 16200
 334.290	 16215
 334.291	 16200
 334.292	 16175
 334.293	 16200
 334.294	 16175
 334.295	 16150
 334.297	 16120
 334.298	 16150
 334.299	 16175
 334.300	 16200
 334.301	 16190
 334.302	 16190
 334.304	 16175
 334.305	 16190
 334.306	 16215
 334.307	 16230
 334.308	 16215
 334.309	 16160
 334.311	 16150
 334.312	 16150
 334.313	 16135
 334.314	 16160
 334.315	 16190
 334.316	 16190
 334.318	 16190
 334.319	 16175
 334.320	 16175
 334.321	 16160
 334.322	 16160
 334.324	 16160
 334.325	 16150
 334.326	 16175
 334.327	 16200
 334.328	 16230
 334.329	 16215
 334.331	 16175
 334.332	 16175
 334.333	 16175
 334.334	 16175
 334.335	 16190
 334.336	 16190
 334.338	 16240
 334.339	 16230
 334.340	 16190
 334.341	 16160
 334.342	 16160
 334.343	 16160
 334.345	 16150
 334.346	 16175
 334.347	 16175
 334.348	 16150
 334.349	 16150
 334.350	 16120
 334.352	 16175
 334.353	 16175
 334.354	 16175
 334.355	 16175
 334.356	 16175
 334.358	 16190
 334.359	 16190
 334.360	 16175
 334.361	 16215
 334.362	 16200
 334.363	 16200
 334.365	 16200
 334.366	 16200
 334.367	 16150
 334.368	 16150
 334.369	 16150
 334.370	 16135
 334.372	 16135
 334.373	 16135
 334.374	 16135
 334.375	 16190
 334.376	 16230
 334.377	 16230
 334.379	 16215
 334.380	 16160
 334.381	 16160
 334.382	 16135
 334.383	 16135
 334.384	 16175
 334.386	 16160
 334.387	 16175
 334.388	 16175
 334.389	 16190
 334.390	 16200
 334.392	 16175
 334.393	 16200
 334.394	 16190
 334.395	 16190
 334.396	 16190
 334.397	 16190
 334.399	 16150
 334.400	 16175
 334.401	 16160
 334.402	 16160
 334.403	 16150
 334.404	 16190
 334.406	 16175
 334.407	 16175
 334.408	 16160
 334.409	 16175
 334.410	 16215
 334.411	 16175
 334.413	 16215
 334.414	 16175
 334.415	 16110
 334.416	 16120
 334.417	 16160
 334.418	 16190
 334.420	 16190
 334.421	 16190
 334.422	 16200
 334.423	 16160
 334.424	 16175
 334.425	 16200
 334.427	 16200
 334.428	 16160
 334.429	 16160
 334.430	 16160
 334.431	 16150
 334.433	 16175
 334.434	 16215
 334.435	 16215
 334.436	 16255
 334.437	 16215
 334.438	 16175
 334.440	 16190
 334.441	 16200
 334.442	 16190
 334.443	 16160
 334.444	 16175
 334.445	 16190
 334.447	 16200
 334.448	 16200
 334.449	 16230
 334.450	 16240
 334.451	 16240
 334.452	 16175
 334.454	 16160
 334.455	 16190
 334.456	 16240
 334.457	 16215
 334.458	 16190
 334.459	 16150
 334.461	 16150
 334.462	 16150
 334.463	 16160
 334.464	 16190
 334.465	 16190
 334.467	 16175
 334.468	 16190
 334.469	 16200
 334.470	 16200
 334.471	 16215
 334.472	 16175
 334.474	 16160
 334.475	 16190
 334.476	 16175
 334.477	 16190
 334.478	 16190
 334.479	 16190
 334.481	 16175
 334.482	 16175
 334.483	 16175
 334.484	 16175
 334.485	 16200
 334.486	 16200
 334.488	 16160
 334.489	 16175
 334.490	 16175
 334.491	 16190
 334.492	 16200
 334.493	 16190
 334.495	 16160
 334.496	 16160
 334.497	 16190
 334.498	 16230
 334.499	 16230
 334.501	 16175
 334.502	 16190
 334.503	 16175
 334.504	 16175
 334.505	 16175
 334.506	 16190
 334.508	 16175
 334.509	 16150
 334.510	 16150
 334.511	 16160
 334.512	 16160
 334.513	 16175
 334.515	 16190
 334.516	 16200
 334.517	 16215
 334.518	 16160
 334.519	 16175
 334.520	 16175
 334.522	 16175
 334.523	 16175
 334.524	 16160
 334.525	 16160
 334.526	 16135
 334.527	 16135
 334.529	 16160
 334.530	 16175
 334.531	 16175
 334.532	 16160
 334.533	 16175
 334.535	 16215
 334.536	 16200
 334.537	 16190
 334.538	 16150
 334.539	 16135
 334.540	 16150
 334.542	 16160
 334.543	 16190
 334.544	 16175
 334.545	 16150
 334.546	 16135
 334.547	 16175
 334.549	 16190
 334.550	 16160
 334.551	 16200
 334.552	 16215
 334.553	 16230
 334.554	 16175
 334.556	 16135
 334.557	 16175
 334.558	 16175
 334.559	 16190
 334.560	 16175
 334.561	 16200
 334.563	 16200
 334.564	 16215
 334.565	 16190
 334.566	 16190
 334.567	 16190
 334.569	 16200
 334.570	 16215
 334.571	 16160
 334.572	 16160
 334.573	 16160
 334.574	 16160
 334.576	 16160
 334.577	 16135
 334.578	 16120
 334.579	 16160
 334.580	 16150
 334.581	 16135
 334.583	 16120
 334.584	 16120
 334.585	 16135
 334.586	 16135
 334.587	 16175
 334.588	 16175
 334.590	 16150
 334.591	 16175
 334.592	 16200
 334.593	 16175
 334.594	 16150
 334.595	 16095
 334.597	 16110
 334.598	 16150
 334.599	 16160
 334.600	 16175
 334.601	 16175
 334.602	 16135
 334.604	 16160
 334.605	 16120
 334.606	 16150
 334.607	 16150
 334.608	 16175
 334.610	 16160
 334.611	 16175
 334.612	 16160
 334.613	 16150
 334.614	 16160
 334.615	 16160
 334.617	 16120
 334.618	 16135
 334.619	 16135
 334.620	 16150
 334.621	 16150
 334.622	 16175
 334.624	 16160
 334.625	 16190
 334.626	 16190
 334.627	 16150
 334.628	 16150
 334.629	 16120
 334.631	 16160
 334.632	 16135
 334.633	 16160
 334.634	 16150
 334.635	 16120
 334.636	 16120
 334.638	 16160
 334.639	 16175
 334.640	 16175
 334.641	 16200
 334.642	 16175
 334.644	 16175
 334.645	 16190
 334.646	 16190
 334.647	 16200
 334.648	 16190
 334.649	 16200
 334.651	 16200
 334.652	 16160
 334.653	 16160
 334.654	 16190
 334.655	 16190
 334.656	 16175
 334.658	 16160
 334.659	 16190
 334.660	 16175
 334.661	 16190
 334.662	 16190
 334.663	 16190
 334.665	 16175
 334.666	 16160
 334.667	 16190
 334.668	 16160
 334.669	 16135
 334.670	 16190
 334.672	 16190
 334.673	 16175
 334.674	 16190
 334.675	 16215
 334.676	 16200
 334.678	 16175
 334.679	 16150
 334.680	 16200
 334.681	 16190
 334.682	 16175
 334.683	 16135
 334.685	 16120
 334.686	 16135
 334.687	 16160
 334.688	 16160
 334.689	 16190
 334.690	 16175
 334.692	 16110
 334.693	 16095
 334.694	 16095
 334.695	 16110
 334.696	 16110
 334.697	 16135
 334.699	 16160
 334.700	 16160
 334.701	 16175
 334.702	 16175
 334.703	 16175
 334.704	 16200
 334.706	 16200
 334.707	 16230
 334.708	 16200
 334.709	 16190
 334.710	 16175
 334.712	 16150
 334.713	 16150
 334.714	 16175
 334.715	 16190
 334.716	 16160
 334.717	 16135
 334.719	 16135
 334.720	 16135
 334.721	 16150
 334.722	 16175
 334.723	 16230
 334.724	 16200
 334.726	 16160
 334.727	 16200
 334.728	 16175
 334.729	 16200
 334.730	 16160
 334.731	 16150
 334.733	 16160
 334.734	 16215
 334.735	 16200
 334.736	 16200
 334.737	 16175
 334.738	 16150
 334.740	 16190
 334.741	 16200
 334.742	 16190
 334.743	 16175
 334.744	 16150
 334.745	 16135
 334.747	 16160
 334.748	 16175
 334.749	 16190
 334.750	 16190
 334.751	 16175
 334.753	 16150
 334.754	 16150
 334.755	 16150
 334.756	 16150
 334.757	 16190
 334.758	 16200
 334.760	 16200
 334.761	 16200
 334.762	 16200
 334.763	 16190
 334.764	 16215
 334.765	 16230
 334.767	 16215
 334.768	 16160
 334.769	 16135
 334.770	 16135
 334.771	 16160
 334.772	 16175
 334.774	 16200
 334.775	 16200
 334.776	 16160
 334.777	 16160
 334.778	 16190
 334.779	 16190
 334.781	 16190
 334.782	 16215
 334.783	 16230
 334.784	 16160
 334.785	 16160
 334.787	 16135
 334.788	 16135
 334.789	 16150
 334.790	 16160
 334.791	 16200
 334.792	 16200
 334.794	 16190
 334.795	 16190
 334.796	 16190
 334.797	 16150
 334.798	 16160
 334.799	 16135
 334.801	 16150
 334.802	 16160
 334.803	 16150
 334.804	 16150
 334.805	 16160
 334.806	 16190
 334.808	 16175
 334.809	 16190
 334.810	 16230
 334.811	 16215
 334.812	 16190
 334.813	 16200
 334.815	 16175
 334.816	 16150
 334.817	 16150
 334.818	 16150
 334.819	 16135
 334.821	 16190
 334.822	 16200
 334.823	 16190
 334.824	 16175
 334.825	 16150
 334.826	 16160
 334.828	 16135
 334.829	 16160
 334.830	 16135
 334.831	 16135
 334.832	 16135
 334.833	 16160
 334.835	 16150
 334.836	 16190
 334.837	 16190
 334.838	 16190
 334.839	 16190
 334.840	 16175
 334.842	 16160
 334.843	 16190
 334.844	 16200
 334.845	 16190
 334.846	 16200
 334.847	 16200
 334.849	 16175
 334.850	 16160
 334.851	 16190
 334.852	 16175
 334.853	 16200
 334.855	 16160
 334.856	 16150
 334.857	 16135
 334.858	 16110
 334.859	 16110
 334.860	 16150
 334.862	 16160
 334.863	 16150
 334.864	 16110
 334.865	 16135
 334.866	 16190
 334.867	 16160
 334.869	 16160
 334.870	 16150
 334.871	 16190
 334.872	 16200
 334.873	 16175
 334.874	 16160
 334.876	 16190
 334.877	 16200
 334.878	 16160
 334.879	 16150
 334.880	 16160
 334.881	 16175
 334.883	 16175
 334.884	 16160
 334.885	 16150
 334.886	 16160
 334.887	 16135
 334.889	 16150
 334.890	 16160
 334.891	 16160
 334.892	 16150
 334.893	 16160
 334.894	 16160
 334.896	 16190
 334.897	 16175
 334.898	 16175
 334.899	 16175
 334.900	 16190
 334.901	 16190
 334.903	 16135
 334.904	 16160
 334.905	 16200
 334.906	 16190
 334.907	 16150
 334.908	 16175
 334.910	 16175
 334.911	 16215
 334.912	 16190
 334.913	 16190
 334.914	 16150
 334.915	 16150
 334.917	 16150
 334.918	 16190
 334.919	 16230
 334.920	 16215
 334.921	 16190
 334.922	 16175
 334.924	 16150
 334.925	 16150
 334.926	 16135
 334.927	 16120
 334.928	 16095
 334.930	 16120
 334.931	 16175
 334.932	 16175
 334.933	 16200
 334.934	 16135
 334.935	 16120
 334.937	 16160
 334.938	 16160
 334.939	 16150
 334.940	 16150
 334.941	 16135
 334.942	 16095
 334.944	 16120
 334.945	 16135
 334.946	 16150
 334.947	 16150
 334.948	 16190
 334.949	 16215
 334.951	 16200
 334.952	 16175
 334.953	 16150
 334.954	 16150
 334.955	 16150
 334.956	 16160
 334.958	 16150
 334.959	 16150
 334.960	 16175
 334.961	 16200
 334.962	 16200
 334.964	 16200
 334.965	 16190
 334.966	 16175
 334.967	 16190
 334.968	 16190
 334.969	 16150
 334.971	 16160
 334.972	 16175
 334.973	 16175
 334.974	 16175
 334.975	 16160
 334.976	 16150
 334.978	 16160
 334.979	 16120
 334.980	 16110
 334.981	 16110
 334.982	 16175
 334.983	 16175
 334.985	 16135
 334.986	 16135
 334.987	 16150
 334.988	 16150
 334.989	 16160
 334.990	 16150
 334.992	 16150
 334.993	 16120
 334.994	 16120
 334.995	 16135
 334.996	 16135
 334.998	 16110
 334.999	 16135
 335.000	 16175
 335.001	 16160
 335.002	 16150
 335.003	 16135
 335.005	 16135
 335.006	 16110
 335.007	 16120
 335.008	 16120
 335.009	 16110
 335.010	 16120
 335.012	 16150
 335.013	 16135
 335.014	 16135
 335.015	 16190
 335.016	 16160
 335.017	 16135
 335.019	 16160
 335.020	 16150
 335.021	 16135
 335.022	 16150
 335.023	 16160
 335.024	 16160
 335.026	 16150
 335.027	 16120
 335.028	 16120
 335.029	 16150
 335.030	 16150
 335.032	 16135
 335.033	 16150
 335.034	 16160
 335.035	 16175
 335.036	 16160
 335.037	 16150
 335.039	 16135
 335.040	 16135
 335.041	 16120
 335.042	 16150
 335.043	 16135
 335.044	 16160
 335.046	 16175
 335.047	 16150
 335.048	 16150
 335.049	 16120
 335.050	 16150
 335.051	 16150
 335.053	 16120
 335.054	 16135
 335.055	 16190
 335.056	 16190
 335.057	 16190
 335.058	 16175
 335.060	 16150
 335.061	 16135
 335.062	 16120
 335.063	 16150
 335.064	 16175
 335.065	 16190
 335.067	 16160
 335.068	 16135
 335.069	 16120
 335.070	 16120
 335.071	 16110
 335.073	 16150
 335.074	 16120
 335.075	 16150
 335.076	 16120
 335.077	 16135
 335.078	 16135
 335.080	 16095
 335.081	 16150
 335.082	 16150
 335.083	 16160
 335.084	 16175
 335.085	 16190
 335.087	 16095
 335.088	 16135
 335.089	 16160
 335.090	 16150
 335.091	 16160
 335.092	 16160
 335.094	 16175
 335.095	 16190
 335.096	 16160
 335.097	 16135
 335.098	 16135
 335.099	 16150
 335.101	 16150
 335.102	 16120
 335.103	 16175
 335.104	 16135
 335.105	 16175
 335.107	 16190
 335.108	 16175
 335.109	 16135
 335.110	 16095
 335.111	 16135
 335.112	 16215
 335.114	 16175
 335.115	 16150
 335.116	 16150
 335.117	 16110
 335.118	 16070
 335.119	 16120
 335.121	 16135
 335.122	 16120
 335.123	 16150
 335.124	 16160
 335.125	 16175
 335.126	 16215
 335.128	 16200
 335.129	 16150
 335.130	 16175
 335.131	 16160
 335.132	 16150
 335.133	 16150
 335.135	 16160
 335.136	 16160
 335.137	 16150
 335.138	 16175
 335.139	 16190
 335.141	 16150
 335.142	 16110
 335.143	 16120
 335.144	 16095
 335.145	 16120
 335.146	 16135
 335.148	 16135
 335.149	 16160
 335.150	 16160
 335.151	 16215
 335.152	 16190
 335.153	 16150
 335.155	 16150
 335.156	 16160
 335.157	 16135
 335.158	 16135
 335.159	 16150
 335.160	 16150
 335.162	 16135
 335.163	 16150
 335.164	 16120
 335.165	 16095
 335.166	 16110
 335.167	 16095
 335.169	 16135
 335.170	 16150
 335.171	 16150
 335.172	 16150
 335.173	 16120
 335.175	 16160
 335.176	 16150
 335.177	 16160
 335.178	 16150
 335.179	 16095
 335.180	 16120
 335.182	 16135
 335.183	 16135
 335.184	 16120
 335.185	 16110
 335.186	 16095
 335.187	 16120
 335.189	 16135
 335.190	 16135
 335.191	 16110
 335.192	 16135
 335.193	 16150
 335.194	 16175
 335.196	 16160
 335.197	 16135
 335.198	 16135
 335.199	 16120
 335.200	 16120
 335.201	 16120
 335.203	 16120
 335.204	 16095
 335.205	 16135
 335.206	 16110
 335.207	 16135
 335.209	 16175
 335.210	 16150
 335.211	 16110
 335.212	 16095
 335.213	 16110
 335.214	 16110
 335.216	 16080
 335.217	 16080
 335.218	 16080
 335.219	 16070
 335.220	 16095
 335.221	 16080
 335.223	 16070
 335.224	 16095
 335.225	 16095
 335.226	 16110
 335.227	 16110
 335.228	 16160
 335.230	 16150
 335.231	 16135
 335.232	 16135
 335.233	 16110
 335.234	 16095
 335.235	 16080
 335.237	 16080
 335.238	 16095
 335.239	 16120
 335.240	 16150
 335.241	 16135
 335.242	 16120
 335.244	 16135
 335.245	 16110
 335.246	 16120
 335.247	 16150
 335.248	 16135
 335.250	 16135
 335.251	 16110
 335.252	 16120
 335.253	 16120
 335.254	 16120
 335.255	 16110
 335.257	 16120
 335.258	 16160
 335.259	 16160
 335.260	 16135
 335.261	 16120
 335.262	 16120
 335.264	 16135
 335.265	 16175
 335.266	 16150
 335.267	 16150
 335.268	 16135
 335.269	 16095
 335.271	 16120
 335.272	 16095
 335.273	 16110
 335.274	 16095
 335.275	 16080
 335.276	 16110
 335.278	 16110
 335.279	 16120
 335.280	 16095
 335.281	 16080
 335.282	 16095
 335.284	 16120
 335.285	 16160
 335.286	 16135
 335.287	 16120
 335.288	 16110
 335.289	 16110
 335.291	 16095
 335.292	 16120
 335.293	 16110
 335.294	 16120
 335.295	 16110
 335.296	 16080
 335.298	 16080
 335.299	 16110
 335.300	 16120
 335.301	 16120
 335.302	 16120
 335.303	 16135
 335.305	 16150
 335.306	 16150
 335.307	 16160
 335.308	 16135
 335.309	 16160
 335.310	 16150
 335.312	 16135
 335.313	 16120
 335.314	 16135
 335.315	 16095
 335.316	 16080
 335.318	 16120
 335.319	 16120
 335.320	 16110
 335.321	 16120
 335.322	 16150
 335.323	 16150
 335.325	 16135
 335.326	 16175
 335.327	 16160
 335.328	 16120
 335.329	 16095
 335.330	 16070
 335.332	 16110
 335.333	 16120
 335.334	 16160
 335.335	 16120
 335.336	 16120
 335.337	 16120
 335.339	 16135
 335.340	 16150
 335.341	 16135
 335.342	 16110
 335.343	 16110
 335.344	 16110
 335.346	 16120
 335.347	 16120
 335.348	 16120
 335.349	 16095
 335.350	 16135
 335.352	 16175
 335.353	 16175
 335.354	 16135
 335.355	 16120
 335.356	 16110
 335.357	 16120
 335.359	 16135
 335.360	 16150
 335.361	 16135
 335.362	 16135
 335.363	 16150
 335.364	 16135
 335.366	 16135
 335.367	 16150
 335.368	 16135
 335.369	 16160
 335.370	 16110
 335.371	 16095
 335.373	 16120
 335.374	 16120
 335.375	 16110
 335.376	 16135
 335.377	 16120
 335.378	 16135
 335.380	 16135
 335.381	 16110
 335.382	 16110
 335.383	 16120
 335.384	 16150
 335.385	 16160
 335.387	 16160
 335.388	 16160
 335.389	 16175
 335.390	 16160
 335.391	 16110
 335.393	 16110
 335.394	 16095
 335.395	 16120
 335.396	 16120
 335.397	 16120
 335.398	 16095
 335.400	 16110
 335.401	 16150
 335.402	 16175
 335.403	 16135
 335.404	 16070
 335.405	 16080
 335.407	 16150
 335.408	 16150
 335.409	 16120
 335.410	 16150
 335.411	 16150
 335.412	 16135
 335.414	 16110
 335.415	 16120
 335.416	 16135
 335.417	 16175
 335.418	 16190
 335.419	 16160
 335.421	 16160
 335.422	 16135
 335.423	 16150
 335.424	 16135
 335.425	 16135
 335.427	 16160
 335.428	 16175
 335.429	 16135
 335.430	 16150
 335.431	 16150
 335.432	 16120
 335.434	 16135
 335.435	 16175
 335.436	 16160
 335.437	 16135
 335.438	 16120
 335.439	 16135
 335.441	 16150
 335.442	 16150
 335.443	 16120
 335.444	 16120
 335.445	 16150
 335.446	 16160
 335.448	 16150
 335.449	 16150
 335.450	 16135
 335.451	 16120
 335.452	 16135
 335.453	 16135
 335.455	 16120
 335.456	 16135
 335.457	 16120
 335.458	 16120
 335.459	 16120
 335.461	 16150
 335.462	 16160
 335.463	 16150
 335.464	 16135
 335.465	 16120
 335.466	 16150
 335.468	 16175
 335.469	 16135
 335.470	 16135
 335.471	 16175
 335.472	 16200
 335.473	 16190
 335.475	 16215
 335.476	 16200
 335.477	 16215
 335.478	 16230
 335.479	 16190
 335.480	 16175
 335.482	 16120
 335.483	 16110
 335.484	 16150
 335.485	 16160
 335.486	 16175
 335.487	 16190
 335.489	 16200
 335.490	 16175
 335.491	 16200
 335.492	 16200
 335.493	 16150
 335.495	 16120
 335.496	 16135
 335.497	 16160
 335.498	 16160
 335.499	 16200
 335.500	 16200
 335.502	 16190
 335.503	 16230
 335.504	 16215
 335.505	 16200
 335.506	 16230
 335.507	 16200
 335.509	 16215
 335.510	 16175
 335.511	 16150
 335.512	 16175
 335.513	 16175
 335.514	 16160
 335.516	 16150
 335.517	 16160
 335.518	 16150
 335.519	 16175
 335.520	 16175
 335.521	 16200
 335.523	 16190
 335.524	 16160
 335.525	 16190
 335.526	 16200
 335.527	 16230
 335.529	 16215
 335.530	 16215
 335.531	 16230
 335.532	 16200
 335.533	 16150
 335.534	 16150
 335.536	 16160
 335.537	 16215
 335.538	 16240
 335.539	 16270
 335.540	 16215
 335.541	 16215
 335.543	 16230
 335.544	 16240
 335.545	 16230
 335.546	 16255
 335.547	 16255
 335.548	 16240
 335.550	 16230
 335.551	 16230
 335.552	 16215
 335.553	 16240
 335.554	 16270
 335.555	 16270
 335.557	 16240
 335.558	 16240
 335.559	 16255
 335.560	 16240
 335.561	 16240
 335.562	 16230
 335.564	 16230
 335.565	 16215
 335.566	 16215
 335.567	 16240
 335.568	 16230
 335.570	 16200
 335.571	 16200
 335.572	 16240
 335.573	 16240
 335.574	 16255
 335.575	 16255
 335.577	 16240
 335.578	 16240
 335.579	 16230
 335.580	 16240
 335.581	 16270
 335.582	 16270
 335.584	 16280
 335.585	 16310
 335.586	 16295
 335.587	 16255
 335.588	 16295
 335.589	 16270
 335.591	 16255
 335.592	 16255
 335.593	 16230
 335.594	 16230
 335.595	 16240
 335.596	 16295
 335.598	 16295
 335.599	 16255
 335.600	 16295
 335.601	 16310
 335.602	 16280
 335.604	 16295
 335.605	 16270
 335.606	 16255
 335.607	 16295
 335.608	 16255
 335.609	 16255
 335.611	 16240
 335.612	 16240
 335.613	 16280
 335.614	 16270
 335.615	 16320
 335.616	 16280
 335.618	 16270
 335.619	 16215
 335.620	 16240
 335.621	 16280
 335.622	 16310
 335.623	 16310
 335.625	 16320
 335.626	 16295
 335.627	 16280
 335.628	 16310
 335.629	 16320
 335.630	 16320
 335.632	 16310
 335.633	 16320
 335.634	 16335
 335.635	 16320
 335.636	 16280
 335.638	 16280
 335.639	 16295
 335.640	 16295
 335.641	 16280
 335.642	 16270
 335.643	 16255
 335.645	 16215
 335.646	 16240
 335.647	 16310
 335.648	 16350
 335.649	 16320
 335.650	 16310
 335.652	 16295
 335.653	 16295
 335.654	 16320
 335.655	 16310
 335.656	 16280
 335.657	 16310
 335.659	 16295
 335.660	 16320
 335.661	 16320
 335.662	 16375
 335.663	 16350
 335.664	 16350
 335.666	 16350
 335.667	 16350
 335.668	 16375
 335.669	 16360
 335.670	 16320
 335.672	 16310
 335.673	 16295
 335.674	 16310
 335.675	 16335
 335.676	 16335
 335.677	 16320
 335.679	 16310
 335.680	 16310
 335.681	 16320
 335.682	 16350
 335.683	 16360
 335.684	 16350
 335.686	 16310
 335.687	 16350
 335.688	 16350
 335.689	 16310
 335.690	 16320
 335.691	 16310
 335.693	 16310
 335.694	 16295
 335.695	 16295
 335.696	 16295
 335.697	 16295
 335.698	 16335
 335.700	 16320
 335.701	 16360
 335.702	 16350
 335.703	 16320
 335.704	 16310
 335.705	 16310
 335.707	 16320
 335.708	 16320
 335.709	 16310
 335.710	 16310
 335.711	 16335
 335.713	 16320
 335.714	 16350
 335.715	 16320
 335.716	 16320
 335.717	 16335
 335.718	 16320
 335.720	 16335
 335.721	 16320
 335.722	 16320
 335.723	 16320
 335.724	 16310
 335.725	 16295
 335.727	 16280
 335.728	 16280
 335.729	 16295
 335.730	 16280
 335.731	 16270
 335.732	 16295
 335.734	 16320
 335.735	 16295
 335.736	 16320
 335.737	 16320
 335.738	 16310
 335.739	 16310
 335.741	 16320
 335.742	 16295
 335.743	 16320
 335.744	 16335
 335.745	 16360
 335.747	 16400
 335.748	 16390
 335.749	 16360
 335.750	 16215
 335.751	 16270
 335.752	 16295
 335.754	 16295
 335.755	 16310
 335.756	 16310
 335.757	 16295
 335.758	 16320
 335.759	 16335
 335.761	 16320
 335.762	 16350
 335.763	 16360
 335.764	 16360
 335.765	 16360
 335.766	 16335
 335.768	 16350
 335.769	 16335
 335.770	 16320
 335.771	 16310
 335.772	 16280
 335.773	 16280
 335.775	 16295
 335.776	 16320
 335.777	 16310
 335.778	 16295
 335.779	 16295
 335.781	 16295
 335.782	 16320
 335.783	 16320
 335.784	 16320
 335.785	 16310
 335.786	 16295
 335.788	 16295
 335.789	 16295
 335.790	 16310
 335.791	 16320
 335.792	 16335
 335.793	 16310
 335.795	 16310
 335.796	 16310
 335.797	 16310
 335.798	 16335
 335.799	 16350
 335.800	 16320
 335.802	 16295
 335.803	 16335
 335.804	 16350
 335.805	 16295
 335.806	 16280
 335.807	 16310
 335.809	 16280
 335.810	 16320
 335.811	 16320
 335.812	 16310
 335.813	 16320
 335.815	 16295
 335.816	 16280
 335.817	 16295
 335.818	 16295
 335.819	 16295
 335.820	 16310
 335.822	 16310
 335.823	 16270
 335.824	 16320
 335.825	 16310
 335.826	 16320
 335.827	 16360
 335.829	 16390
 335.830	 16350
 335.831	 16360
 335.832	 16360
 335.833	 16320
 335.834	 16310
 335.836	 16295
 335.837	 16280
 335.838	 16280
 335.839	 16270
 335.840	 16310
 335.841	 16320
 335.843	 16295
 335.844	 16295
 335.845	 16310
 335.846	 16320
 335.847	 16310
 335.849	 16320
 335.850	 16310
 335.851	 16295
 335.852	 16310
 335.853	 16320
 335.854	 16310
 335.856	 16295
 335.857	 16310
 335.858	 16295
 335.859	 16320
 335.860	 16295
 335.861	 16270
 335.863	 16280
 335.864	 16310
 335.865	 16350
 335.866	 16350
 335.867	 16335
 335.868	 16335
 335.870	 16335
 335.871	 16335
 335.872	 16335
 335.873	 16350
 335.874	 16310
 335.875	 16310
 335.877	 16320
 335.878	 16360
 335.879	 16350
 335.880	 16310
 335.881	 16320
 335.882	 16320
 335.884	 16320
 335.885	 16350
 335.886	 16335
 335.887	 16350
 335.888	 16320
 335.890	 16335
 335.891	 16350
 335.892	 16360
 335.893	 16350
 335.894	 16375
 335.895	 16390
 335.897	 16400
 335.898	 16430
 335.899	 16415
 335.900	 16360
 335.901	 16350
 335.902	 16350
 335.904	 16310
 335.905	 16335
 335.906	 16335
 335.907	 16360
 335.908	 16375
 335.909	 16390
 335.911	 16430
 335.912	 16360
 335.913	 16375
 335.914	 16375
 335.915	 16390
 335.916	 16390
 335.918	 16375
 335.919	 16350
 335.920	 16360
 335.921	 16400
 335.922	 16400
 335.924	 16400
 335.925	 16415
 335.926	 16400
 335.927	 16390
 335.928	 16390
 335.929	 16415
 335.931	 16440
 335.932	 16470
 335.933	 16415
 335.934	 16430
 335.935	 16415
 335.936	 16400
 335.938	 16440
 335.939	 16430
 335.940	 16455
 335.941	 16455
 335.942	 16470
 335.943	 16470
 335.945	 16455
 335.946	 16470
 335.947	 16455
 335.948	 16470
 335.949	 16470
 335.950	 16480
 335.952	 16535
 335.953	 16550
 335.954	 16510
 335.955	 16480
 335.956	 16480
 335.958	 16455
 335.959	 16495
 335.960	 16520
 335.961	 16520
 335.962	 16535
 335.963	 16550
 335.965	 16520
 335.966	 16535
 335.967	 16560
 335.968	 16550
 335.969	 16560
 335.970	 16535
 335.972	 16550
 335.973	 16575
 335.974	 16590
 335.975	 16560
 335.976	 16560
 335.977	 16560
 335.979	 16560
 335.980	 16575
 335.981	 16600
 335.982	 16575
 335.983	 16575
 335.984	 16560
 335.986	 16590
 335.987	 16615
 335.988	 16575
 335.989	 16575
 335.990	 16590
 335.992	 16600
 335.993	 16615
 335.994	 16630
 335.995	 16640
 335.996	 16680
 335.997	 16640
 335.999	 16655
 336.000	 16600
 336.001	 16640
 336.002	 16640
 336.003	 16640
 336.004	 16670
 336.006	 16695
 336.007	 16655
 336.008	 16680
 336.009	 16695
 336.010	 16720
 336.011	 16735
 336.013	 16720
 336.014	 16720
 336.015	 16720
 336.016	 16750
 336.017	 16760
 336.018	 16735
 336.020	 16720
 336.021	 16760
 336.022	 16760
 336.023	 16760
 336.024	 16750
 336.025	 16775
 336.027	 16760
 336.028	 16800
 336.029	 16775
 336.030	 16800
 336.031	 16815
 336.033	 16830
 336.034	 16870
 336.035	 16870
 336.036	 16855
 336.037	 16830
 336.038	 16830
 336.040	 16840
 336.041	 16840
 336.042	 16815
 336.043	 16830
 336.044	 16830
 336.045	 16840
 336.047	 16855
 336.048	 16855
 336.049	 16870
 336.050	 16870
 336.051	 16880
 336.052	 16910
 336.054	 16910
 336.055	 16880
 336.056	 16895
 336.057	 16920
 336.058	 16935
 336.059	 16920
 336.061	 16935
 336.062	 16960
 336.063	 16950
 336.064	 16960
 336.065	 16960
 336.067	 16975
 336.068	 16975
 336.069	 16960
 336.070	 16990
 336.071	 16975
 336.072	 16975
 336.074	 16950
 336.075	 16910
 336.076	 16935
 336.077	 16960
 336.078	 17000
 336.079	 17015
 336.081	 17000
 336.082	 17030
 336.083	 17055
 336.084	 17040
 336.085	 17040
 336.086	 17040
 336.088	 17070
 336.089	 17055
 336.090	 17080
 336.091	 17080
 336.092	 17040
 336.093	 17030
 336.095	 17055
 336.096	 17030
 336.097	 17070
 336.098	 17080
 336.099	 17095
 336.101	 17095
 336.102	 17095
 336.103	 17030
 336.104	 17070
 336.105	 17110
 336.106	 17135
 336.108	 17150
 336.109	 17110
 336.110	 17120
 336.111	 17135
 336.112	 17110
 336.113	 17120
 336.115	 17160
 336.116	 17150
 336.117	 17120
 336.118	 17135
 336.119	 17120
 336.120	 17160
 336.122	 17135
 336.123	 17135
 336.124	 17135
 336.125	 17190
 336.126	 17150
 336.127	 17175
 336.129	 17160
 336.130	 17175
 336.131	 17120
 336.132	 17150
 336.133	 17160
 336.135	 17190
 336.136	 17175
 336.137	 17160
 336.138	 17175
 336.139	 17175
 336.140	 17160
 336.142	 17175
 336.143	 17175
 336.144	 17190
 336.145	 17215
 336.146	 17270
 336.147	 17240
 336.149	 17190
 336.150	 17190
 336.151	 17200
 336.152	 17190
 336.153	 17175
 336.154	 17200
 336.156	 17200
 336.157	 17215
 336.158	 17230
 336.159	 17215
 336.160	 17175
 336.161	 17175
 336.163	 17175
 336.164	 17175
 336.165	 17200
 336.166	 17200
 336.167	 17175
 336.169	 17135
 336.170	 17135
 336.171	 17175
 336.172	 17175
 336.173	 17190
 336.174	 17200
 336.176	 17200
 336.177	 17240
 336.178	 17230
 336.179	 17270
 336.180	 17230
 336.181	 17190
 336.183	 17160
 336.184	 17135
 336.185	 17120
 336.186	 17160
 336.187	 17135
 336.188	 17150
 336.190	 17175
 336.191	 17160
 336.192	 17150
 336.193	 17120
 336.194	 17150
 336.195	 17150
 336.197	 17135
 336.198	 17135
 336.199	 17175
 336.200	 17135
 336.201	 17120
 336.202	 17120
 336.204	 17135
 336.205	 17135
 336.206	 17120
 336.207	 17120
 336.208	 17135
 336.210	 17135
 336.211	 17120
 336.212	 17080
 336.213	 17030
 336.214	 17000
 336.215	 17015
 336.217	 17030
 336.218	 17040
 336.219	 17055
 336.220	 17030
 336.221	 17030
 336.222	 17000
 336.224	 16990
 336.225	 17030
 336.226	 17055
 336.227	 17055
 336.228	 17030
 336.229	 16990
 336.231	 16975
 336.232	 16950
 336.233	 16910
 336.234	 16920
 336.235	 16935
 336.236	 16975
 336.238	 16960
 336.239	 16935
 336.240	 16960
 336.241	 16960
 336.242	 16935
 336.244	 16920
 336.245	 16870
 336.246	 16815
 336.247	 16830
 336.248	 16815
 336.249	 16800
 336.251	 16815
 336.252	 16815
 336.253	 16855
 336.254	 16855
 336.255	 16855
 336.256	 16830
 336.258	 16815
 336.259	 16800
 336.260	 16800
 336.261	 16760
 336.262	 16790
 336.263	 16800
 336.265	 16800
 336.266	 16790
 336.267	 16800
 336.268	 16775
 336.269	 16655
 336.270	 16640
 336.272	 16655
 336.273	 16695
 336.274	 16680
 336.275	 16695
 336.276	 16670
 336.278	 16670
 336.279	 16695
 336.280	 16680
 336.281	 16680
 336.282	 16655
 336.283	 16640
 336.285	 16600
 336.286	 16550
 336.287	 16520
 336.288	 16520
 336.289	 16510
 336.290	 16510
 336.292	 16495
 336.293	 16470
 336.294	 16495
 336.295	 16480
 336.296	 16470
 336.297	 16470
 336.299	 16415
 336.300	 16400
 336.301	 16400
 336.302	 16335
 336.303	 16320
 336.304	 16390
 336.306	 16440
 336.307	 16440
 336.308	 16430
 336.309	 16375
 336.310	 16360
 336.312	 16350
 336.313	 16310
 336.314	 16270
 336.315	 16255
 336.316	 16200
 336.317	 16240
 336.319	 16215
 336.320	 16175
 336.321	 16190
 336.322	 16175
 336.323	 16175
 336.324	 16160
 336.326	 16190
 336.327	 16175
 336.328	 16150
 336.329	 16120
 336.330	 16095
 336.331	 16095
 336.333	 16110
 336.334	 16135
 336.335	 16175
 336.336	 16135
 336.337	 16120
 336.338	 16080
 336.340	 16030
 336.341	 15975
 336.342	 15950
 336.343	 15950
 336.344	 15950
 336.345	 15975
 336.347	 15990
 336.348	 16070
 336.349	 16110
 336.350	 16110
 336.351	 16055
 336.353	 16000
 336.354	 15950
 336.355	 15920
 336.356	 15895
 336.357	 15920
 336.358	 15950
 336.360	 15935
 336.361	 15840
 336.362	 15815
 336.363	 15800
 336.364	 15800
 336.365	 15775
 336.367	 15775
 336.368	 15760
 336.369	 15790
 336.370	 15775
 336.371	 15760
 336.372	 15720
 336.374	 15695
 336.375	 15735
 336.376	 15720
 336.377	 15710
 336.378	 15695
 336.379	 15695
 336.381	 15680
 336.382	 15655
 336.383	 15615
 336.384	 15655
 336.385	 15680
 336.387	 15655
 336.388	 15640
 336.389	 15590
 336.390	 15560
 336.391	 15550
 336.392	 15535
 336.394	 15535
 336.395	 15590
 336.396	 15560
 336.397	 15550
 336.398	 15535
 336.399	 15535
 336.401	 15550
 336.402	 15600
 336.403	 15520
 336.404	 15495
 336.405	 15495
 336.406	 15470
 336.408	 15455
 336.409	 15415
 336.410	 15415
 336.411	 15415
 336.412	 15415
 336.413	 15400
 336.415	 15440
 336.416	 15400
 336.417	 15440
 336.418	 15455
 336.419	 15470
 336.421	 15430
 336.422	 15415
 336.423	 15415
 336.424	 15415
 336.425	 15430
 336.426	 15415
 336.428	 15360
 336.429	 15375
 336.430	 15360
 336.431	 15310
 336.432	 15280
 336.433	 15295
 336.435	 15350
 336.436	 15360
 336.437	 15280
 336.438	 15255
 336.439	 15270
 336.440	 15295
 336.442	 15320
 336.443	 15350
 336.444	 15360
 336.445	 15320
 336.446	 15270
 336.447	 15270
 336.449	 15270
 336.450	 15270
 336.451	 15255
 336.452	 15240
 336.453	 15230
 336.455	 15230
 336.456	 15215
 336.457	 15230
 336.458	 15230
 336.459	 15230
 336.460	 15215
 336.462	 15230
 336.463	 15230
 336.464	 15175
 336.465	 15200
 336.466	 15175
 336.467	 15150
 336.469	 15135
 336.470	 15160
 336.471	 15190
 336.472	 15160
 336.473	 15160
 336.474	 15150
 336.476	 15135
 336.477	 15150
 336.478	 15120
 336.479	 15150
 336.480	 15160
 336.481	 15190
 336.483	 15190
 336.484	 15150
 336.485	 15150
 336.486	 15175
 336.487	 15160
 336.489	 15120
 336.490	 15135
 336.491	 15120
 336.492	 15160
 336.493	 15175
 336.494	 15215
 336.496	 15240
 336.497	 15135
 336.498	 15095
 336.499	 15110
 336.500	 15160
 336.501	 15200
 336.503	 15190
 336.504	 15160
 336.505	 15135
 336.506	 15110
 336.507	 15095
 336.508	 15120
 336.510	 15150
 336.511	 15150
 336.512	 15175
 336.513	 15150
 336.514	 15160
 336.515	 15175
 336.517	 15175
 336.518	 15135
 336.519	 15135
 336.520	 15120
 336.521	 15135
 336.522	 15175
 336.524	 15190
 336.525	 15135
 336.526	 15120
 336.527	 15110
 336.528	 15160
 336.530	 15200
 336.531	 15215
 336.532	 15175
 336.533	 15160
 336.534	 15150
 336.535	 15160
 336.537	 15160
 336.538	 15215
 336.539	 15215
 336.540	 15190
 336.541	 15175
 336.542	 15200
 336.544	 15190
 336.545	 15175
 336.546	 15200
 336.547	 15190
 336.548	 15200
 336.549	 15215
 336.551	 15215
 336.552	 15175
 336.553	 15175
 336.554	 15175
 336.555	 15200
 336.556	 15255
 336.558	 15255
 336.559	 15240
 336.560	 15230
 336.561	 15150
 336.562	 15150
 336.564	 15175
 336.565	 15190
 336.566	 15230
 336.567	 15240
 336.568	 15230
 336.569	 15190
 336.571	 15200
 336.572	 15175
 336.573	 15200
 336.574	 15255
 336.575	 15280
 336.576	 15215
 336.578	 15200
 336.579	 15255
 336.580	 15240
 336.581	 15270
 336.582	 15270
 336.583	 15270
 336.585	 15255
 336.586	 15215
 336.587	 15190
 336.588	 15200
 336.589	 15230
 336.590	 15255
 336.592	 15240
 336.593	 15270
 336.594	 15270
 336.595	 15280
 336.596	 15295
 336.598	 15335
 336.599	 15310
 336.600	 15295
 336.601	 15280
 336.602	 15310
 336.603	 15295
 336.605	 15280
 336.606	 15270
 336.607	 15280
 336.608	 15280
 336.609	 15310
 336.610	 15310
 336.612	 15280
 336.613	 15310
 336.614	 15320
 336.615	 15335
 336.616	 15350
 336.617	 15320
 336.619	 15320
 336.620	 15350
 336.621	 15335
 336.622	 15350
 336.623	 15360
 336.624	 15375
 336.626	 15350
 336.627	 15295
 336.628	 15320
 336.629	 15335
 336.630	 15350
 336.632	 15360
 336.633	 15350
 336.634	 15400
 336.635	 15415
 336.636	 15415
 336.637	 15390
 336.639	 15390
 336.640	 15400
 336.641	 15400
 336.642	 15430
 336.643	 15430
 336.644	 15440
 336.646	 15430
 336.647	 15400
 336.648	 15430
 336.649	 15400
 336.650	 15390
 336.651	 15400
 336.653	 15415
 336.654	 15415
 336.655	 15390
 336.656	 15430
 336.657	 15440
 336.658	 15415
 336.660	 15440
 336.661	 15440
 336.662	 15455
 336.663	 15470
 336.664	 15455
 336.665	 15440
 336.667	 15430
 336.668	 15415
 336.669	 15440
 336.670	 15430
 336.671	 15400
 336.673	 15440
 336.674	 15495
 336.675	 15480
 336.676	 15480
 336.677	 15470
 336.678	 15440
 336.680	 15455
 336.681	 15480
 336.682	 15510
 336.683	 15480
 336.684	 15480
 336.685	 15520
 336.687	 15520
 336.688	 15480
 336.689	 15520
 336.690	 15535
 336.691	 15520
 336.692	 15495
 336.694	 15470
 336.695	 15495
 336.696	 15495
 336.697	 15495
 336.698	 15510
 336.699	 15535
 336.701	 15510
 336.702	 15510
 336.703	 15535
 336.704	 15535
 336.705	 15520
 336.707	 15510
 336.708	 15550
 336.709	 15550
 336.710	 15560
 336.711	 15560
 336.712	 15550
 336.714	 15535
 336.715	 15575
 336.716	 15590
 336.717	 15575
 336.718	 15575
 336.719	 15575
 336.721	 15520
 336.722	 15550
 336.723	 15560
 336.724	 15550
 336.725	 15550
 336.726	 15520
 336.728	 15520
 336.729	 15550
 336.730	 15550
 336.731	 15535
 336.732	 15520
 336.733	 15535
 336.735	 15520
 336.736	 15535
 336.737	 15550
 336.738	 15575
 336.739	 15575
 336.741	 15560
 336.742	 15520
 336.743	 15550
 336.744	 15600
 336.745	 15590
 336.746	 15550
 336.748	 15550
 336.749	 15560
 336.750	 15550
 336.751	 15560
 336.752	 15600
 336.753	 15600
 336.755	 15600
 336.756	 15615
 336.757	 15575
 336.758	 15550
 336.759	 15600
 336.760	 15600
 336.762	 15560
 336.763	 15575
 336.764	 15560
 336.765	 15535
 336.766	 15575
 336.767	 15615
 336.769	 15600
 336.770	 15630
 336.771	 15615
 336.772	 15640
 336.773	 15640
 336.775	 15600
 336.776	 15600
 336.777	 15615
 336.778	 15615
 336.779	 15615
 336.780	 15590
 336.782	 15560
 336.783	 15590
 336.784	 15600
 336.785	 15600
 336.786	 15600
 336.787	 15575
 336.789	 15575
 336.790	 15600
 336.791	 15600
 336.792	 15600
 336.793	 15615
 336.794	 15615
 336.796	 15655
 336.797	 15600
 336.798	 15600
 336.799	 15600
 336.800	 15615
 336.801	 15575
 336.803	 15615
 336.804	 15615
 336.805	 15655
 336.806	 15630
 336.807	 15655
 336.809	 15630
 336.810	 15600
 336.811	 15600
 336.812	 15615
 336.813	 15670
 336.814	 15655
 336.816	 15615
 336.817	 15590
 336.818	 15600
 336.819	 15630
 336.820	 15670
 336.821	 15720
 336.823	 15575
 336.824	 15560
 336.825	 15575
 336.826	 15550
 336.827	 15590
 336.828	 15600
 336.830	 15640
 336.831	 15640
 336.832	 15630
 336.833	 15590
 336.834	 15590
 336.835	 15615
 336.837	 15615
 336.838	 15615
 336.839	 15600
 336.840	 15640
 336.841	 15655
 336.842	 15615
 336.844	 15630
 336.845	 15615
 336.846	 15590
 336.847	 15590
 336.848	 15600
 336.850	 15615
 336.851	 15590
 336.852	 15590
 336.853	 15615
 336.854	 15640
 336.855	 15655
 336.857	 15590
 336.858	 15600
 336.859	 15615
 336.860	 15615
 336.861	 15615
 336.862	 15630
 336.864	 15630
 336.865	 15590
 336.866	 15615
 336.867	 15640
 336.868	 15655
 336.869	 15640
 336.871	 15670
 336.872	 15655
 336.873	 15655
 336.874	 15615
 336.875	 15590
 336.876	 15590
 336.878	 15575
 336.879	 15590
 336.880	 15575
 336.881	 15590
 336.882	 15575
 336.884	 15590
 336.885	 15615
 336.886	 15615
 336.887	 15615
 336.888	 15655
 336.889	 15630
 336.891	 15575
 336.892	 15600
 336.893	 15615
 336.894	 15600
 336.895	 15590
 336.896	 15600
 336.898	 15630
 336.899	 15615
 336.900	 15575
 336.901	 15560
 336.902	 15600
 336.903	 15615
 336.905	 15640
 336.906	 15615
 336.907	 15615
 336.908	 15640
 336.909	 15640
 336.910	 15640
 336.912	 15630
 336.913	 15655
 336.914	 15655
 336.915	 15655
 336.916	 15670
 336.918	 15655
 336.919	 15655
 336.920	 15670
 336.921	 15670
 336.922	 15655
 336.923	 15655
 336.925	 15655
 336.926	 15630
 336.927	 15600
 336.928	 15615
 336.929	 15630
 336.930	 15655
 336.932	 15640
 336.933	 15590
 336.934	 15600
 336.935	 15615
 336.936	 15630
 336.937	 15680
 336.939	 15640
 336.940	 15600
 336.941	 15590
 336.942	 15630
 336.943	 15615
 336.944	 15640
 336.946	 15680
 336.947	 15670
 336.948	 15640
 336.949	 15640
 336.950	 15640
 336.952	 15630
 336.953	 15655
 336.954	 15655
 336.955	 15640
 336.956	 15630
 336.957	 15630
 336.959	 15630
 336.960	 15655
 336.961	 15680
 336.962	 15640
 336.963	 15630
 336.964	 15640
 336.966	 15640
 336.967	 15640
 336.968	 15670
 336.969	 15680
 336.970	 15670
 336.971	 15680
 336.973	 15640
 336.974	 15670
 336.975	 15640
 336.976	 15680
 336.977	 15695
 336.978	 15695
 336.980	 15655
 336.981	 15630
 336.982	 15630
 336.983	 15640
 336.984	 15655
 336.985	 15640
 336.987	 15695
 336.988	 15720
 336.989	 15695
 336.990	 15695
 336.991	 15680
 336.993	 15680
 336.994	 15710
 336.995	 15720
 336.996	 15735
 336.997	 15710
 336.998	 15695
 337.000	 15695
 337.001	 15750
 337.002	 15710
 337.003	 15695
 337.004	 15680
 337.005	 15710
 337.007	 15680
 337.008	 15670
 337.009	 15670
 337.010	 15655
 337.011	 15680
 337.012	 15680
 337.014	 15695
 337.015	 15710
 337.016	 15735
 337.017	 15750
 337.018	 15695
 337.019	 15630
 337.021	 15640
 337.022	 15680
 337.023	 15710
 337.024	 15680
 337.025	 15695
 337.027	 15710
 337.028	 15710
 337.029	 15720
 337.030	 15735
 337.031	 15750
 337.032	 15750
 337.034	 15760
 337.035	 15760
 337.036	 15735
 337.037	 15720
 337.038	 15710
 337.039	 15710
 337.041	 15720
 337.042	 15735
 337.043	 15710
 337.044	 15710
 337.045	 15695
 337.046	 15720
 337.048	 15760
 337.049	 15790
 337.050	 15760
 337.051	 15760
 337.052	 15720
 337.053	 15750
 337.055	 15750
 337.056	 15760
 337.057	 15750
 337.058	 15720
 337.059	 15710
 337.061	 15695
 337.062	 15720
 337.063	 15720
 337.064	 15710
 337.065	 15710
 337.066	 15680
 337.068	 15735
 337.069	 15720
 337.070	 15735
 337.071	 15750
 337.072	 15720
 337.073	 15735
 337.075	 15760
 337.076	 15750
 337.077	 15735
 337.078	 15710
 337.079	 15735
 337.080	 15735
 337.082	 15710
 337.083	 15735
 337.084	 15775
 337.085	 15790
 337.086	 15775
 337.087	 15775
 337.089	 15775
 337.090	 15760
 337.091	 15720
 337.092	 15735
 337.093	 15735
 337.095	 15720
 337.096	 15735
 337.097	 15760
 337.098	 15760
 337.099	 15760
 337.100	 15760
 337.102	 15790
 337.103	 15830
 337.104	 15800
 337.105	 15800
 337.106	 15830
 337.107	 15815
 337.109	 15790
 337.110	 15775
 337.111	 15800
 337.112	 15790
 337.113	 15800
 337.114	 15800
 337.116	 15815
 337.117	 15790
 337.118	 15800
 337.119	 15790
 337.120	 15775
 337.121	 15790
 337.123	 15790
 337.124	 15815
 337.125	 15830
 337.126	 15815
 337.127	 15790
 337.129	 15775
 337.130	 15790
 337.131	 15790
 337.132	 15800
 337.133	 15840
 337.134	 15830
 337.136	 15830
 337.137	 15790
 337.138	 15790
 337.139	 15800
 337.140	 15800
 337.141	 15790
 337.143	 15775
 337.144	 15790
 337.145	 15830
 337.146	 15840
 337.147	 15830
 337.148	 15815
 337.150	 15840
 337.151	 15880
 337.152	 15840
 337.153	 15895
 337.154	 15880
 337.155	 15880
 337.157	 15830
 337.158	 15695
 337.159	 15735
 337.160	 15775
 337.161	 15830
 337.162	 15830
 337.164	 15840
 337.165	 15840
 337.166	 15855
 337.167	 15840
 337.168	 15830
 337.170	 15855
 337.171	 15870
 337.172	 15870
 337.173	 15790
 337.174	 15855
 337.175	 15880
 337.177	 15840
 337.178	 15815
 337.179	 15830
 337.180	 15855
 337.181	 15840
 337.182	 15855
 337.184	 15830
 337.185	 15855
 337.186	 15910
 337.187	 15920
 337.188	 15880
 337.189	 15880
 337.191	 15855
 337.192	 15855
 337.193	 15830
 337.194	 15840
 337.195	 15870
 337.196	 15855
 337.198	 15840
 337.199	 15830
 337.200	 15830
 337.201	 15830
 337.202	 15840
 337.204	 15830
 337.205	 15840
 337.206	 15815
 337.207	 15830
 337.208	 15855
 337.209	 15855
 337.211	 15880
 337.212	 15855
 337.213	 15880
 337.214	 15895
 337.215	 15895
 337.216	 15880
 337.218	 15870
 337.219	 15870
 337.220	 15830
 337.221	 15815
 337.222	 15840
 337.223	 15880
 337.225	 15895
 337.226	 15910
 337.227	 15870
 337.228	 15855
 337.229	 15880
 337.230	 15920
 337.232	 15935
 337.233	 15950
 337.234	 15935
 337.235	 15920
 337.236	 15895
 337.238	 15895
 337.239	 15895
 337.240	 15950
 337.241	 15935
 337.242	 15840
 337.243	 15815
 337.245	 15815
 337.246	 15840
 337.247	 15880
 337.248	 15870
 337.249	 15870
 337.250	 15870
 337.252	 15870
 337.253	 15880
 337.254	 15895
 337.255	 15910
 337.256	 15910
 337.257	 15910
 337.259	 15895
 337.260	 15895
 337.261	 15880
 337.262	 15870
 337.263	 15880
 337.264	 15880
 337.266	 15870
 337.267	 15910
 337.268	 15880
 337.269	 15920
 337.270	 15910
 337.272	 15910
 337.273	 15910
 337.274	 15880
 337.275	 15870
 337.276	 15870
 337.277	 15870
 337.279	 15880
 337.280	 15880
 337.281	 15895
 337.282	 15880
 337.283	 15870
 337.284	 15895
 337.286	 15870
 337.287	 15895
 337.288	 15920
 337.289	 15975
 337.290	 15990
 337.291	 15960
 337.293	 15910
 337.294	 15895
 337.295	 15920
 337.296	 15920
 337.297	 15895
 337.298	 15895
 337.300	 15910
 337.301	 15920
 337.302	 15910
 337.303	 15910
 337.304	 15910
 337.305	 15910
 337.307	 15870
 337.308	 15910
 337.309	 15920
 337.310	 15920
 337.311	 15935
 337.313	 15920
 337.314	 15910
 337.315	 15920
 337.316	 15920
 337.317	 15895
 337.318	 15880
 337.320	 15895
 337.321	 15935
 337.322	 15935
 337.323	 15895
 337.324	 15920
 337.325	 15935
 337.327	 15935
 337.328	 15935
 337.329	 15950
 337.330	 15920
 337.331	 15950
 337.332	 15935
 337.334	 15935
 337.335	 15960
 337.336	 15950
 337.337	 15960
 337.338	 15975
 337.339	 15975
 337.341	 15920
 337.342	 15920
 337.343	 15960
 337.344	 15975
 337.345	 15975
 337.347	 16000
 337.348	 15960
 337.349	 15950
 337.350	 15935
 337.351	 15935
 337.352	 15950
 337.354	 15975
 337.355	 15960
 337.356	 15960
 337.357	 15935
 337.358	 15975
 337.359	 15960
 337.361	 15920
 337.362	 15920
 337.363	 15950
 337.364	 15975
 337.365	 15950
 337.366	 15950
 337.368	 15950
 337.369	 15920
 337.370	 15920
 337.371	 15935
 337.372	 15935
 337.373	 15935
 337.375	 15935
 337.376	 15960
 337.377	 15960
 337.378	 15960
 337.379	 15935
 337.381	 15935
 337.382	 15910
 337.383	 15935
 337.384	 15960
 337.385	 15950
 337.386	 15950
 337.388	 15960
 337.389	 15975
 337.390	 15950
 337.391	 15920
 337.392	 15920
 337.393	 15920
 337.395	 15935
 337.396	 15975
 337.397	 15960
 337.398	 15960
 337.399	 15950
 337.400	 15960
 337.402	 15950
 337.403	 15950
 337.404	 15975
 337.405	 15990
 337.406	 16015
 337.407	 16040
 337.409	 15990
 337.410	 15870
 337.411	 15880
 337.412	 15880
 337.413	 15935
 337.415	 15950
 337.416	 15960
 337.417	 15960
 337.418	 15935
 337.419	 15960
 337.420	 15950
 337.422	 15990
 337.423	 15960
 337.424	 15960
 337.425	 15950
 337.426	 15960
 337.427	 15960
 337.429	 16015
 337.430	 16015
 337.431	 15975
 337.432	 15950
 337.433	 15935
 337.434	 15950
 337.436	 15935
 337.437	 15950
 337.438	 15975
 337.439	 15950
 337.440	 15960
 337.441	 15990
 337.443	 15990
 337.444	 15950
 337.445	 15960
 337.446	 15975
 337.447	 15975
 337.449	 15950
 337.450	 15935
 337.451	 15935
 337.452	 15935
 337.453	 15935
 337.454	 15960
 337.456	 15950
 337.457	 15935
 337.458	 15950
 337.459	 15975
 337.460	 15975
 337.461	 15990
 337.463	 15950
 337.464	 15950
 337.465	 15935
 337.466	 15950
 337.467	 15960
 337.468	 15960
 337.470	 16000
 337.471	 16015
 337.472	 15960
 337.473	 15960
 337.474	 15975
 337.475	 15975
 337.477	 15975
 337.478	 15975
 337.479	 15935
 337.480	 15935
 337.481	 15950
 337.482	 15975
 337.484	 15975
 337.485	 15935
 337.486	 15935
 337.487	 15935
 337.488	 15935
 337.490	 15960
 337.491	 15975
 337.492	 16000
 337.493	 16000
 337.494	 16030
 337.495	 16015
 337.497	 16030
 337.498	 16040
 337.499	 16000
 337.500	 15990
 337.501	 15960
 337.502	 15990
 337.504	 16000
 337.505	 15990
 337.506	 15950
 337.507	 15935
 337.508	 15960
 337.509	 15960
 337.511	 15960
 337.512	 15975
 337.513	 15960
 337.514	 15960
 337.515	 15950
 337.516	 15935
 337.518	 15960
 337.519	 15950
 337.520	 15975
 337.521	 16000
 337.522	 16000
 337.524	 15975
 337.525	 15960
 337.526	 15960
 337.527	 15960
 337.528	 15960
 337.529	 15960
 337.531	 15975
 337.532	 15960
 337.533	 15950
 337.534	 15950
 337.535	 15975
 337.536	 15975
 337.538	 15975
 337.539	 15990
 337.540	 16015
 337.541	 16000
 337.542	 15975
 337.543	 15975
 337.545	 15975
 337.546	 16000
 337.547	 16000
 337.548	 16015
 337.549	 15975
 337.550	 15960
 337.552	 15960
 337.553	 15990
 337.554	 16030
 337.555	 16055
 337.556	 16055
 337.558	 15990
 337.559	 15950
 337.560	 15935
 337.561	 15975
 337.562	 15950
 337.563	 15960
 337.565	 15975
 337.566	 15960
 337.567	 15960
 337.568	 15960
 337.569	 15950
 337.570	 15960
 337.572	 15975
 337.573	 15990
 337.574	 15975
 337.575	 15960
 337.576	 15975
 337.577	 15975
 337.579	 15960
 337.580	 15990
 337.581	 16000
 337.582	 15975
 337.583	 15990
 337.584	 15975
 337.586	 15960
 337.587	 15950
 337.588	 15960
 337.589	 16000
 337.590	 15990
 337.592	 15950
 337.593	 15975
 337.594	 15990
 337.595	 15990
 337.596	 16015
 337.597	 16030
 337.599	 16030
 337.600	 16040
 337.601	 16070
 337.602	 16040
 337.603	 16015
 337.604	 15990
 337.606	 16015
 337.607	 15990
 337.608	 16015
 337.609	 16000
 337.610	 16040
 337.611	 16000
 337.613	 16000
 337.614	 16015
 337.615	 16030
 337.616	 16040
 337.617	 16015
 337.618	 16015
 337.620	 16015
 337.621	 16040
 337.622	 15975
 337.623	 15975
 337.624	 16000
 337.625	 16000
 337.627	 16015
 337.628	 16040
 337.629	 16030
 337.630	 15990
 337.631	 15960
 337.633	 15960
 337.634	 15960
 337.635	 16000
 337.636	 15990
 337.637	 15935
 337.638	 15960
 337.640	 15975
 337.641	 15975
 337.642	 15950
 337.643	 15950
 337.644	 15960
 337.645	 15975
 337.647	 15975
 337.648	 15960
 337.649	 15975
 337.650	 16015
 337.651	 15990
 337.652	 15990
 337.654	 15975
 337.655	 15960
 337.656	 15950
 337.657	 15975
 337.658	 15990
 337.659	 15990
 337.661	 15990
 337.662	 16000
 337.663	 15990
 337.664	 16040
 337.665	 16015
 337.667	 16015
 337.668	 16000
 337.669	 15975
 337.670	 16000
 337.671	 15975
 337.672	 16000
 337.674	 15990
 337.675	 15950
 337.676	 15960
 337.677	 15975
 337.678	 15950
 337.679	 15960
 337.681	 15990
 337.682	 16000
 337.683	 16000
 337.684	 16000
 337.685	 16000
 337.686	 15990
 337.688	 16015
 337.689	 16030
 337.690	 16040
 337.691	 16015
 337.692	 16000
 337.693	 15990
 337.695	 16030
 337.696	 16000
 337.697	 15990
 337.698	 15990
 337.699	 15990
 337.701	 15975
 337.702	 15960
 337.703	 15950
 337.704	 15960
 337.705	 15975
 337.706	 16000
 337.708	 16015
 337.709	 16000
 337.710	 15975
 337.711	 15990
 337.712	 16000
 337.713	 15990
 337.715	 16000
 337.716	 16015
 337.717	 16015
 337.718	 16015
 337.719	 16000
 337.720	 15975
 337.722	 15975
 337.723	 16015
 337.724	 16000
 337.725	 16070
 337.726	 16040
 337.727	 16030
 337.729	 16015
 337.730	 16000
 337.731	 15990
 337.732	 15975
 337.733	 15975
 337.735	 15975
 337.736	 16000
 337.737	 16000
 337.738	 16030
 337.739	 16040
 337.740	 16000
 337.742	 16030
 337.743	 16000
 337.744	 16000
 337.745	 16015
 337.746	 16015
 337.747	 16015
 337.749	 16000
 337.750	 15975
 337.751	 16000
 337.752	 16000
 337.753	 16000
 337.754	 15990
 337.756	 15960
 337.757	 16000
 337.758	 16030
 337.759	 16030
 337.760	 15990
 337.761	 15990
 337.763	 15960
 337.764	 15990
 337.765	 16015
 337.766	 16000
 337.767	 15975
 337.769	 15975
 337.770	 15990
 337.771	 15990
 337.772	 15990
 337.773	 15960
 337.774	 15975
 337.776	 15960
 337.777	 15960
 337.778	 15960
 337.779	 15990
 337.780	 16030
 337.781	 16015
 337.783	 15990
 337.784	 16000
 337.785	 15990
 337.786	 16000
 337.787	 15990
 337.788	 15990
 337.790	 15975
 337.791	 15990
 337.792	 16030
 337.793	 16055
 337.794	 16015
 337.795	 15990
 337.797	 15990
 337.798	 15975
 337.799	 15990
 337.800	 15975
 337.801	 15960
 337.802	 15960
 337.804	 16000
 337.805	 16000
 337.806	 15990
 337.807	 16000
 337.808	 15975
 337.810	 15960
 337.811	 15975
 337.812	 15990
 337.813	 15975
 337.814	 15975
 337.815	 15975
 337.817	 15960
 337.818	 15960
 337.819	 15960
 337.820	 16015
 337.821	 16000
 337.822	 16000
 337.824	 15975
 337.825	 15975
 337.826	 15975
 337.827	 15975
 337.828	 15990
 337.829	 15990
 337.831	 15990
 337.832	 15975
 337.833	 15960
 337.834	 16000
 337.835	 15990
 337.836	 16000
 337.838	 16055
 337.839	 16070
 337.840	 15960
 337.841	 15935
 337.842	 15950
 337.844	 15960
 337.845	 15990
 337.846	 16030
 337.847	 16000
 337.848	 15975
 337.849	 16000
 337.851	 16000
 337.852	 16030
 337.853	 16040
 337.854	 16040
 337.855	 16015
 337.856	 16015
 337.858	 16015
 337.859	 16015
 337.860	 16040
 337.861	 16015
 337.862	 15975
 337.863	 15975
 337.865	 15975
 337.866	 15960
 337.867	 15990
 337.868	 16000
 337.869	 16040
 337.870	 16015
 337.872	 16000
 337.873	 16000
 337.874	 16040
 337.875	 16030
 337.876	 15975
 337.878	 15990
 337.879	 15990
 337.880	 15960
 337.881	 15990
 337.882	 16015
 337.883	 16015
 337.885	 16000
 337.886	 16000
 337.887	 15990
 337.888	 16015
 337.889	 16040
 337.890	 16040
 337.892	 16040
 337.893	 16015
 337.894	 16030
 337.895	 16040
 337.896	 16030
 337.897	 16000
 337.899	 16030
 337.900	 16040
 337.901	 16040
 337.902	 16040
 337.903	 16030
 337.904	 16000
 337.906	 15975
 337.907	 16000
 337.908	 16015
 337.909	 16000
 337.910	 15960
 337.912	 15975
 337.913	 16015
 337.914	 16000
 337.915	 16040
 337.916	 16070
 337.917	 16040
 337.919	 16000
 337.920	 15990
 337.921	 16000
 337.922	 16015
 337.923	 15990
 337.924	 16000
 337.926	 16015
 337.927	 16030
 337.928	 16000
 337.929	 15960
 337.930	 15960
 337.931	 15975
 337.933	 16000
 337.934	 15990
 337.935	 15990
 337.936	 16000
 337.937	 16015
 337.938	 16015
 337.940	 16030
 337.941	 15990
 337.942	 15960
 337.943	 15990
 337.944	 15990
 337.945	 15990
 337.947	 15990
 337.948	 15990
 337.949	 15975
 337.950	 15975
 337.951	 15990
 337.953	 16015
 337.954	 16055
 337.955	 16030
 337.956	 16040
 337.957	 16055
 337.958	 16040
 337.960	 16055
 337.961	 16040
 337.962	 16030
 337.963	 15975
 337.964	 15990
 337.965	 15990
 337.967	 15975
 337.968	 15990
 337.969	 15990
 337.970	 15990
 337.971	 16015
 337.972	 16000
 337.974	 15975
 337.975	 15990
 337.976	 15990
 337.977	 15950
 337.978	 15960
 337.979	 15975
 337.981	 15975
 337.982	 15990
 337.983	 16015
 337.984	 16015
 337.985	 16030
 337.987	 15990
 337.988	 15975
 337.989	 15950
 337.990	 15975
 337.991	 15990
 337.992	 15990
 337.994	 15975
 337.995	 16000
 337.996	 15950
 337.997	 15960
 337.998	 15960
 337.999	 15960
 338.001	 16000
 338.002	 16040
 338.003	 16000
 338.004	 15975
 338.005	 15975
 338.006	 15960
 338.008	 15960
 338.009	 15950
 338.010	 15975
 338.011	 15990
 338.012	 16000
 338.013	 16015
 338.015	 16000
 338.016	 15990
 338.017	 15960
 338.018	 15990
 338.019	 16015
 338.021	 16030
 338.022	 16030
 338.023	 16030
 338.024	 16040
 338.025	 16015
 338.026	 16015
 338.028	 15990
 338.029	 15960
 338.030	 16000
 338.031	 16015
 338.032	 16015
 338.033	 16070
 338.035	 16055
 338.036	 16070
 338.037	 16055
 338.038	 16030
 338.039	 16000
 338.040	 15960
 338.042	 15960
 338.043	 15960
 338.044	 15950
 338.045	 15990
 338.046	 15950
 338.047	 15950
 338.049	 15950
 338.050	 15960
 338.051	 16030
 338.052	 16015
 338.053	 16040
 338.055	 16000
 338.056	 15990
 338.057	 16015
 338.058	 16040
 338.059	 16055
 338.060	 16030
 338.062	 16015
 338.063	 16000
 338.064	 16015
 338.065	 16030
 338.066	 15960
 338.067	 15975
 338.069	 15990
 338.070	 16015
 338.071	 16030
 338.072	 16030
 338.073	 16000
 338.074	 15960
 338.076	 15950
 338.077	 15975
 338.078	 16000
 338.079	 16000
 338.080	 16000
 338.081	 15975
 338.083	 16015
 338.084	 16015
 338.085	 16055
 338.086	 16015
 338.087	 15960
 338.089	 15950
 338.090	 15960
 338.091	 15960
 338.092	 15990
 338.093	 15990
 338.094	 15975
 338.096	 16000
 338.097	 15990
 338.098	 16000
 338.099	 16015
 338.100	 15990
 338.101	 16015
 338.103	 15990
 338.104	 15990
 338.105	 16040
 338.106	 16030
 338.107	 16030
 338.108	 16015
 338.110	 15990
 338.111	 15990
 338.112	 15960
 338.113	 15960
 338.114	 15960
 338.115	 15960
 338.117	 15990
 338.118	 15975
 338.119	 15990
 338.120	 16015
 338.121	 16000
 338.122	 15990
 338.124	 15990
 338.125	 16000
 338.126	 16030
 338.127	 16040
 338.128	 16040
 338.130	 16015
 338.131	 16000
 338.132	 16000
 338.133	 16000
 338.134	 15990
 338.135	 16000
 338.137	 16000
 338.138	 15975
 338.139	 15950
 338.140	 15950
 338.141	 15935
 338.142	 15990
 338.144	 16015
 338.145	 16030
 338.146	 16030
 338.147	 16015
 338.148	 15990
 338.149	 16030
 338.151	 16015
 338.152	 16000
 338.153	 16015
 338.154	 16040
 338.155	 16055
 338.156	 16040
 338.158	 16030
 338.159	 16040
 338.160	 16055
 338.161	 16030
 338.162	 16015
 338.164	 16030
 338.165	 16015
 338.166	 15990
 338.167	 16000
 338.168	 15990
 338.169	 16015
 338.171	 15990
 338.172	 16000
 338.173	 15990
 338.174	 16000
 338.175	 16030
 338.176	 16030
 338.178	 16040
 338.179	 16040
 338.180	 16030
 338.181	 16040
 338.182	 16030
 338.183	 16015
 338.185	 16015
 338.186	 16015
 338.187	 15990
 338.188	 16000
 338.189	 16040
 338.190	 16040
 338.192	 16000
 338.193	 16030
 338.194	 16015
 338.195	 16015
 338.196	 16030
 338.198	 15975
 338.199	 15975
 338.200	 15990
 338.201	 16015
 338.202	 16040
 338.203	 16030
 338.205	 16030
 338.206	 16000
 338.207	 16015
 338.208	 16000
 338.209	 16015
 338.210	 16030
 338.212	 16055
 338.213	 16055
 338.214	 16055
 338.215	 16070
 338.216	 16040
 338.217	 16055
 338.219	 16030
 338.220	 16055
 338.221	 15990
 338.222	 16000
 338.223	 16015
 338.224	 16030
 338.226	 16080
 338.227	 16080
 338.228	 16055
 338.229	 16015
 338.230	 15990
 338.232	 15990
 338.233	 15990
 338.234	 16015
 338.235	 16015
 338.236	 16030
 338.237	 16030
 338.239	 16030
 338.240	 16040
 338.241	 16070
 338.242	 16030
 338.243	 15990
 338.244	 16030
 338.246	 16040
 338.247	 16055
 338.248	 16040
 338.249	 16030
 338.250	 16015
 338.251	 16030
 338.253	 16030
 338.254	 16030
 338.255	 16030
 338.256	 16055
 338.257	 16055
 338.258	 16040
 338.260	 16030
 338.261	 15990
 338.262	 16030
 338.263	 16055
 338.264	 16040
 338.265	 16030
 338.267	 16040
 338.268	 16040
 338.269	 16070
 338.270	 16070
 338.271	 16080
 338.273	 16070
 338.274	 16055
 338.275	 16070
 338.276	 16070
 338.277	 16055
 338.278	 16055
 338.280	 16040
 338.281	 16055
 338.282	 16040
 338.283	 16040
 338.284	 16015
 338.285	 15990
 338.287	 16030
 338.288	 16040
 338.289	 16030
 338.290	 16000
 338.291	 16030
 338.292	 16030
 338.294	 16000
 338.295	 16030
 338.296	 16070
 338.297	 16070
 338.298	 16040
 338.299	 16015
 338.301	 16015
 338.302	 16030
 338.303	 16030
 338.304	 16000
 338.305	 16040
 338.307	 16015
 338.308	 16030
 338.309	 16040
 338.310	 16040
 338.311	 16030
 338.312	 16040
 338.314	 16055
 338.315	 16055
 338.316	 16070
 338.317	 16070
 338.318	 16040
 338.319	 16040
 338.321	 16030
 338.322	 16000
 338.323	 15990
 338.324	 16000
 338.325	 16000
 338.326	 16080
 338.328	 16135
 338.329	 16055
 338.330	 16015
 338.331	 16000
 338.332	 16015
 338.333	 16015
 338.335	 16040
 338.336	 16015
 338.337	 16015
 338.338	 16030
 338.339	 16055
 338.341	 16070
 338.342	 16070
 338.343	 16055
 338.344	 16110
 338.345	 16135
 338.346	 16080
 338.348	 16040
 338.349	 16055
 338.350	 16015
 338.351	 16040
 338.352	 16015
 338.353	 16015
 338.355	 16030
 338.356	 15990
 338.357	 16000
 338.358	 16040
 338.359	 16070
 338.360	 16030
 338.362	 16040
 338.363	 16040
 338.364	 16040
 338.365	 16055
 338.366	 16080
 338.367	 16080
 338.369	 16030
 338.370	 16055
 338.371	 16040
 338.372	 16040
 338.373	 16070
 338.375	 16055
 338.376	 16070
 338.377	 16095
 338.378	 16095
 338.379	 16070
 338.380	 16055
 338.382	 16080
 338.383	 16030
 338.384	 16040
 338.385	 16070
 338.386	 16080
 338.387	 16070
 338.389	 16070
 338.390	 16080
 338.391	 16040
 338.392	 16040
 338.393	 16055
 338.394	 16095
 338.396	 16080
 338.397	 16095
 338.398	 16070
 338.399	 16080
 338.400	 16030
 338.401	 16055
 338.403	 16055
 338.404	 16040
 338.405	 16040
 338.406	 16015
 338.407	 16030
 338.409	 16040
 338.410	 16040
 338.411	 16055
 338.412	 16040
 338.413	 16000
 338.414	 16015
 338.416	 16015
 338.417	 16015
 338.418	 16030
 338.419	 16040
 338.420	 16040
 338.421	 16030
 338.423	 16040
 338.424	 16030
 338.425	 16015
 338.426	 16055
 338.427	 16055
 338.428	 16080
 338.430	 16080
 338.431	 16055
 338.432	 16080
 338.433	 16015
 338.434	 16030
 338.435	 16030
 338.437	 15990
 338.438	 16000
 338.439	 15960
 338.440	 15990
 338.441	 16030
 338.442	 16040
 338.444	 16095
 338.445	 16095
 338.446	 16070
 338.447	 16095
 338.448	 16110
 338.450	 16040
 338.451	 16000
 338.452	 16040
 338.453	 16030
 338.454	 16015
 338.455	 16015
 338.457	 16000
 338.458	 16015
 338.459	 16000
 338.460	 16000
 338.461	 15990
 338.462	 16030
 338.464	 16030
 338.465	 16040
 338.466	 16040
 338.467	 16030
 338.468	 16015
 338.469	 16015
 338.471	 16015
 338.472	 16040
 338.473	 16055
 338.474	 16040
 338.475	 16030
 338.476	 16030
 338.478	 16015
 338.479	 15990
 338.480	 16015
 338.481	 16000
 338.482	 16030
 338.484	 16030
 338.485	 16030
 338.486	 16030
 338.487	 16015
 338.488	 16055
 338.489	 16055
 338.491	 16040
 338.492	 16040
 338.493	 16040
 338.494	 16030
 338.495	 16015
 338.496	 16055
 338.498	 16055
 338.499	 16030
 338.500	 16000
 338.501	 15975
 338.502	 16015
 338.503	 16030
 338.505	 16015
 338.506	 16030
 338.507	 16040
 338.508	 16030
 338.509	 16030
 338.510	 16070
 338.512	 16055
 338.513	 16055
 338.514	 16040
 338.515	 16055
 338.516	 16040
 338.518	 16040
 338.519	 16030
 338.520	 16040
 338.521	 16000
 338.522	 15990
 338.523	 15990
 338.525	 16000
 338.526	 16015
 338.527	 16000
 338.528	 16000
 338.529	 16000
 338.530	 15990
 338.532	 16000
 338.533	 16040
 338.534	 16040
 338.535	 16055
 338.536	 16070
 338.537	 16080
 338.539	 16055
 338.540	 16030
 338.541	 16000
 338.542	 16040
 338.543	 16070
 338.544	 16030
 338.546	 16015
 338.547	 16015
 338.548	 16000
 338.549	 16000
 338.550	 16015
 338.552	 16055
 338.553	 16040
 338.554	 16070
 338.555	 16080
 338.556	 16040
 338.557	 16030
 338.559	 16000
 338.560	 15990
 338.561	 15990
 338.562	 15990
 338.563	 16000
 338.564	 16030
 338.566	 16055
 338.567	 16040
 338.568	 16040
 338.569	 16040
 338.570	 16055
 338.571	 16080
 338.573	 16055
 338.574	 16030
 338.575	 16015
 338.576	 16040
 338.577	 16040
 338.578	 16015
 338.580	 16015
 338.581	 16015
 338.582	 16030
 338.583	 16015
 338.584	 16040
 338.585	 16000
 338.587	 16030
 338.588	 16015
 338.589	 16070
 338.590	 16095
 338.591	 16110
 338.593	 16080
 338.594	 16055
 338.595	 16055
 338.596	 16030
 338.597	 16040
 338.598	 16015
 338.600	 16000
 338.601	 15990
 338.602	 16000
 338.603	 16015
 338.604	 16015
 338.605	 16040
 338.607	 16080
 338.608	 16080
 338.609	 16000
 338.610	 15990
 338.611	 16030
 338.612	 16030
 338.614	 16015
 338.615	 15990
 338.616	 15990
 338.617	 15990
 338.618	 16015
 338.619	 16000
 338.621	 16030
 338.622	 16070
 338.623	 16080
 338.624	 16015
 338.625	 16015
 338.627	 16015
 338.628	 16015
 338.629	 16030
 338.630	 16015
 338.631	 16015
 338.632	 16015
 338.634	 15990
 338.635	 16000
 338.636	 16030
 338.637	 16055
 338.638	 16055
 338.639	 16055
 338.641	 16040
 338.642	 16030
 338.643	 15990
 338.644	 16015
 338.645	 16030
 338.646	 16040
 338.648	 16000
 338.649	 16000
 338.650	 16040
 338.651	 16030
 338.652	 16015
 338.653	 15990
 338.655	 16000
 338.656	 16000
 338.657	 16040
 338.658	 16015
 338.659	 16000
 338.661	 16000
 338.662	 16000
 338.663	 16015
 338.664	 16015
 338.665	 16030
 338.666	 16015
 338.668	 16015
 338.669	 16000
 338.670	 16000
 338.671	 16000
 338.672	 15975
 338.673	 16015
 338.675	 15975
 338.676	 15960
 338.677	 15950
 338.678	 15960
 338.679	 16000
 338.680	 16015
 338.682	 16000
 338.683	 15990
 338.684	 16000
 338.685	 16000
 338.686	 15990
 338.687	 16030
 338.689	 16015
 338.690	 16000
 338.691	 15975
 338.692	 16000
 338.693	 16040
 338.695	 16030
 338.696	 16030
 338.697	 16040
 338.698	 16055
 338.699	 16070
 338.700	 16055
 338.702	 16000
 338.703	 16015
 338.704	 15990
 338.705	 16000
 338.706	 15990
 338.707	 16000
 338.709	 15990
 338.710	 15975
 338.711	 15990
 338.712	 15990
 338.713	 16000
 338.714	 15975
 338.716	 16000
 338.717	 16015
 338.718	 16015
 338.719	 16000
 338.720	 16015
 338.721	 16000
 338.723	 15990
 338.724	 16000
 338.725	 15990
 338.726	 15990
 338.727	 15990
 338.729	 16000
 338.730	 16000
 338.731	 16015
 338.732	 16015
 338.733	 16015
 338.734	 16030
 338.736	 16030
 338.737	 16030
 338.738	 16030
 338.739	 16000
 338.740	 15990
 338.741	 15960
 338.743	 15975
 338.744	 16000
 338.745	 16030
 338.746	 16015
 338.747	 15990
 338.748	 15975
 338.750	 15975
 338.751	 15990
 338.752	 16000
 338.753	 16015
 338.754	 16030
 338.755	 16030
 338.757	 16030
 338.758	 16055
 338.759	 16055
 338.760	 16040
 338.761	 16040
 338.762	 16000
 338.764	 16000
 338.765	 15990
 338.766	 15975
 338.767	 15975
 338.768	 16000
 338.770	 15990
 338.771	 15975
 338.772	 15975
 338.773	 16030
 338.774	 16070
 338.775	 16030
 338.777	 16000
 338.778	 16000
 338.779	 15975
 338.780	 15975
 338.781	 15990
 338.782	 16015
 338.784	 16040
 338.785	 16000
 338.786	 15990
 338.787	 16000
 338.788	 16015
 338.789	 16030
 338.791	 16040
 338.792	 16040
 338.793	 16015
 338.794	 16000
 338.795	 16000
 338.796	 16015
 338.798	 16015
 338.799	 16015
 338.800	 16030
